1.090475005159366795e+00
1.076302824919613821e+00
1.053777459679691164e+00
1.013199800246487481e+00
9.539208564589982675e-01
8.823020582464021766e-01
7.991945384431051735e-01
7.008738409146217929e-01
5.904589544109221100e-01
4.986642414991379613e-01
4.356476693548874124e-01
3.837221057300271299e-01
3.435437213406444812e-01
3.080950462448090454e-01
2.752828407641754738e-01
2.465416199486085702e-01
2.163813099815615204e-01
1.895578342681913109e-01
1.669160632694506874e-01
1.595177458371201951e-01
1.332608862902072144e-01
1.173584959763862567e-01
1.049129968527788004e-01
9.697703247622757594e-02
