2.887463821779483464e-01
2.887463822422176030e-01
2.887463822422176030e-01
2.887463822100829747e-01
2.887463821136790898e-01
2.887463819783754326e-01
2.887463820781618895e-01
2.887463822422176030e-01
2.887463822227676613e-01
2.888031324787014298e-01
3.541796719163333163e-01
4.302820499182410385e-01
4.037795810445498068e-01
4.036093298683006148e-01
4.036093298683006148e-01
4.036093298683006148e-01
4.036093296399757002e-01
4.036093297685141579e-01
4.036093298040314137e-01
4.036093298040314137e-01
4.036093296721103285e-01
4.047443391999932527e-01
4.096248795287196764e-01
4.110436412047517307e-01
4.129731568915505080e-01
4.129731569592023366e-01
4.132001588928544411e-01
4.175131946462188881e-01
4.216559785603462007e-01
4.232449918658946486e-01
4.270472730063910594e-01
4.304523013938495457e-01
4.338573292536238024e-01
4.393053743961848889e-01
4.440156631596641201e-01
4.495772090069004578e-01
4.545712500470672768e-01
4.622893137210926096e-01
4.698371260548130368e-01
4.786334484993183813e-01
4.862947617051522897e-01
4.932750695497668536e-01
5.009931329667152156e-01
5.092787012550022974e-01
5.143862436560671103e-01
5.212530504391430508e-01
5.290278647132807821e-01
5.374836838852228293e-01
5.453719994238547253e-01
5.508200444987639832e-01
5.568923443990494437e-01
5.609783781122101853e-01
5.656319162400598177e-01
5.677316835631401881e-01
5.694909485337222854e-01
5.715339654562632266e-01
5.724419727477521036e-01
5.730094769730158522e-01
5.734067306038361789e-01
5.742579872732258561e-01
5.755064975734357491e-01
5.757902501105829352e-01
5.762442537918446295e-01
5.765847571252944448e-01
5.766982578012176397e-01
5.767550079379150096e-01
5.769820100779051719e-01
5.777765166934709651e-01
5.783440215749574564e-01
5.781170191778902678e-01
5.786845241202634993e-01
5.791385276053347964e-01
5.801032858250475543e-01
5.812382949284152778e-01
5.827705580938836727e-01
5.847000739447382189e-01
5.876510977697699811e-01
5.898076155576591484e-01
5.933828953175571685e-01
5.967879236052292535e-01
6.017252144664162472e-01
6.076272630974313138e-01
6.146643208216663323e-01
6.224391353630287504e-01
6.302706993814832792e-01
6.379887632550814702e-01
6.469553376859665805e-01
6.531411380659849497e-01
6.599511947732501493e-01
6.645479826324812711e-01
6.698257760457395626e-01
6.741388118853600675e-01
6.792463540902344832e-01
6.827081325788731947e-01
6.870211677724187282e-01
6.910504510140055290e-01
6.946824811101738328e-01
6.970092503736714518e-01
7.006412804664571281e-01
7.040463082974793840e-01
7.062028261530204354e-01
7.093808522398156180e-01
7.114238691623564481e-01
7.138073888906629749e-01
7.169286646479531289e-01
7.181771748771286212e-01
7.202201918639388190e-01
7.220929571146808001e-01
7.232847170143512638e-01
7.240792235047611713e-01
7.251007323888555289e-01
7.265194937689107846e-01
7.276545031970073074e-01
7.284490097516863605e-01
7.290732648375221059e-01
7.300380229895829798e-01
7.311162819562533333e-01
7.316270358384815431e-01
7.321377900555864349e-01
7.331025482076473088e-01
7.338403038374852194e-01
7.346348106526238153e-01
7.351455646058865367e-01
7.358833206923742765e-01
7.364508255062088837e-01
7.368480788478176668e-01
