1.121378152366799608e+00
1.117827848323012185e+00
1.114494041317904527e+00
1.111372451121674043e+00
1.108481416379706541e+00
1.105772989824947761e+00
1.103234439274758838e+00
1.100843248948573994e+00
1.098582872900084162e+00
1.096459652175901134e+00
1.094434416170295021e+00
1.092503292181321140e+00
1.090652787951265967e+00
1.088863313377366859e+00
1.087128405761491390e+00
1.085436264858783861e+00
1.083768897278206911e+00
1.082139446532291327e+00
1.080485580159765258e+00
1.078840636102953443e+00
1.077169583161879496e+00
1.075468773901662178e+00
1.073741021995734846e+00
1.071965830387372920e+00
1.070127425957711154e+00
1.068236096906145072e+00
1.066263374774357731e+00
1.064217785966023566e+00
1.062084298860160203e+00
1.059857470359659271e+00
1.057537838810723274e+00
1.055118426867453163e+00
1.052600148106925593e+00
1.049981272550075895e+00
1.047252148743297084e+00
1.044430583825373127e+00
1.041500248511745053e+00
1.038480990875133347e+00
1.035361541859320500e+00
1.032155460352307985e+00
1.028845957294169944e+00
1.025464982425210669e+00
1.022003576809780379e+00
1.018467984393820025e+00
1.014864682792690376e+00
1.011202642865676404e+00
1.007473782346749447e+00
1.003700330456853473e+00
9.998776714401695909e-01
9.960145600083859518e-01
9.921110924469694892e-01
9.881851989398525715e-01
9.842173375895842957e-01
9.802262960433635319e-01
9.762154078958497072e-01
9.721871613001662471e-01
9.681250656931741361e-01
9.640734947794622478e-01
9.600051285750911267e-01
9.559237697251531385e-01
9.518406248736697162e-01
9.477455926620691473e-01
9.436551229473844060e-01
9.395638338607960049e-01
9.354609343942127397e-01
9.313754826728321001e-01
9.272788458139467060e-01
9.231855375299550248e-01
9.191010292606993648e-01
9.150153677476114966e-01
9.109327279508644404e-01
9.068426714332614713e-01
9.027573754565412223e-01
8.986747592499872983e-01
8.945894326405183783e-01
8.905035702691473931e-01
8.864341587966473313e-01
8.823528739679591393e-01
8.782719003681318526e-01
8.742056842640725245e-01
8.701264293657502424e-01
8.660559688704446701e-01
8.619986694365542323e-01
8.579462401902497870e-01
8.538936390304976420e-01
8.498518055017469930e-01
8.458170401279464512e-01
8.418014455441008570e-01
8.377900138445768530e-01
8.337940639145466903e-01
8.298234989840505005e-01
8.258676186138841357e-01
8.219144906550366336e-01
8.179953496935526980e-01
8.140888668765451364e-01
8.101936255611644766e-01
8.063471699760880185e-01
8.025111346806051982e-01
7.987018840266006947e-01
7.949234977644449307e-01
7.911680273588639345e-01
7.874225524435058965e-01
7.837169068090071855e-01
7.800339151812928362e-01
7.763985053755951826e-01
7.727729107341676507e-01
7.691837775471139782e-01
7.656241710587450289e-01
7.620949917588911715e-01
7.586035166775271232e-01
7.551444999632205279e-01
7.517186005109690594e-01
7.483421520162308882e-01
7.449773229871283764e-01
7.416410129556427755e-01
7.383518271221353180e-01
7.350886653983818020e-01
7.318919087388541245e-01
7.286833285791541881e-01
7.255402482988128066e-01
7.224094493659330984e-01
7.193093728744498483e-01
7.162473869712051577e-01
7.132298712169979904e-01
7.102211304260540592e-01
7.072586237109009799e-01
