4.036093297363795851e-01
4.055388456227512761e-01
4.329493219266176696e-01
4.916860565046779485e-01
5.515010497246797261e-01
5.983201858540153628e-01
6.564326652887358948e-01
7.019465413025103295e-01
7.227172127214356312e-01
7.449066452024527552e-01
7.710686112348611454e-01
8.002383516890312354e-01
8.194200103368575183e-01
8.361613985818480144e-01
8.471142386146696124e-01
8.574428242178782078e-01
8.679416601838226830e-01
8.770217356796290442e-01
8.850803016418834490e-01
8.933091194653618450e-01
9.025594464367766578e-01
9.085182450082988082e-01
9.149310482420341950e-01
9.220248567659544703e-01
