3.634299982247602423e-01
4.036093296078410719e-01
4.036093298649180428e-01
4.036093297718967854e-01
4.036093298040314137e-01
4.036093297397621571e-01
4.036093299359524433e-01
4.036093298040314137e-01
4.036093298361659865e-01
4.036093298683006148e-01
4.036093296399757002e-01
4.036093296044584999e-01
4.036093296754929005e-01
4.036093297718967854e-01
4.036093298040314137e-01
4.036093299038178150e-01
4.036093299325698713e-01
4.036093297076275288e-01
4.036093299359524433e-01
4.036093298327834145e-01
4.036093298006487862e-01
4.036093297329969576e-01
4.036093299038178150e-01
4.036093296365931282e-01
4.036093297718967854e-01
4.036093296399757002e-01
4.036093296721103285e-01
4.036093297008623293e-01
4.036093296078410719e-01
4.036093296399757002e-01
4.036093297363795851e-01
4.036093296399757002e-01
4.036093296399757002e-01
4.036093299325698713e-01
4.036093297718967854e-01
4.036093298040314137e-01
4.036093298361659865e-01
4.036093296078410719e-01
4.066171045183871735e-01
4.119516486958135215e-01
4.138244141427459000e-01
4.187049543429338105e-01
4.225072358115415927e-01
4.245502525987788212e-01
4.292037908940666835e-01
4.347653369408758794e-01
4.428239031957244554e-01
4.507122182743238392e-01
4.584302821445394582e-01
4.697803755866216679e-01
4.818682254433029888e-01
4.914023040385652186e-01
5.037739061719340716e-01
5.159185064934241893e-01
5.308438791677201340e-01
5.447477438813691508e-01
5.622836388129597296e-01
5.763577552525289693e-01
5.905453723003696309e-01
6.068895066828322582e-01
6.161965833342946119e-01
6.268089212784599962e-01
6.392940243482115870e-01
6.486578513393268519e-01
6.555246577300222199e-01
6.633562225366205212e-01
6.687475168794962954e-01
6.756710740056077746e-01
6.809488680717061815e-01
6.855456555385567308e-01
6.898019407171781525e-01
6.932069688763117243e-01
6.969525001016704246e-01
7.002440273176561147e-01
7.042165597663226917e-01
7.061460758133675242e-01
7.086998469496306186e-01
7.106861128120266491e-01
7.124453779821816601e-01
7.147153964493766498e-01
7.159071562813952294e-01
7.182339252810507890e-01
7.202201920601291052e-01
7.215822029009585359e-01
7.228874638689327670e-01
7.237954713566120413e-01
7.249872311277439918e-01
7.262357416241442820e-01
7.272572501192405836e-01
7.279950060061554096e-01
7.289030131724885120e-01
7.295840191155136267e-01
7.302650248014618262e-01
7.307757790151840904e-01
7.312297825645246441e-01
7.320242891158210696e-01
7.328755462063434312e-01
7.335565519565607762e-01
7.337268029687542548e-01
7.344645590552419945e-01
7.350888147262660821e-01
7.360535722288693572e-01
7.361670732937906081e-01
7.366778277713549317e-01
7.375290844018448366e-01
7.380398389402959003e-01
7.382100899524893789e-01
7.391748480436635127e-01
7.400261051308032467e-01
7.405936098837513359e-01
7.411611142984402267e-01
7.421258722610759584e-01
7.421826231216479552e-01
7.425231260593345706e-01
7.433743828860146508e-01
7.441688892478860451e-01
7.453038988079035976e-01
7.461551560912336178e-01
7.466659102373039980e-01
7.478009191444814352e-01
7.489359285083087014e-01
7.493899326462202248e-01
7.506951933503522856e-01
7.508086939586237074e-01
7.516599513062228732e-01
7.523977072641720998e-01
7.531354636787711554e-01
7.546109758517466348e-01
