1.096136522221379916e+00
1.084981458248395869e+00
1.075752250892905826e+00
1.057348490417575393e+00
1.021771203273474260e+00
9.655068966379150019e-01
8.958057239190801990e-01
8.270039519510842263e-01
7.673069512246719626e-01
7.188165241145335616e-01
6.772735617865864866e-01
6.403831378006852315e-01
6.060797668133871552e-01
5.721980854179685716e-01
5.383879749872757525e-01
5.045309507963869899e-01
4.695867671289898904e-01
4.350945407003680154e-01
4.047201156639889108e-01
3.769203646081130121e-01
3.507666592057829269e-01
3.274140574490873035e-01
3.043797806452476218e-01
2.824460905300867908e-01
2.634005821845120110e-01
2.486752631272436675e-01
2.340888736785307067e-01
2.278206108297475552e-01
2.110071909406670831e-01
2.037561153086581700e-01
1.961973649501178030e-01
