3.859599341610004397e-01
4.465694340997369838e-01
5.433289821089332117e-01
6.188638555354789572e-01
6.869644173042274149e-01
7.355428185394488061e-01
6.950797345346559908e-01
6.728335511135761227e-01
7.457579022253231216e-01
8.027921229572154704e-01
8.316213609912352922e-01
8.016003632605004370e-01
8.641961296755733546e-01
8.799160093645808089e-01
8.796890072922425308e-01
9.029566991898144712e-01
9.168605643567308006e-01
9.287781622168844731e-01
9.228193635168238096e-01
9.408660121412175670e-01
9.476193179879107698e-01
8.161852333658121683e-01
9.084047445319485270e-01
9.472788151111107835e-01
