1.088221680515233603e+00
1.083697797302138666e+00
1.073698724305938823e+00
1.051839258477187400e+00
1.015853445139992539e+00
9.706992301014899516e-01
9.220079701284119578e-01
8.691043123661217340e-01
8.118936078115865929e-01
7.571501725073549460e-01
7.096970836560548834e-01
6.684479969603595029e-01
6.289505734088357558e-01
5.908284008310152879e-01
5.537662935219073157e-01
5.180312702167481076e-01
4.849437026334575962e-01
4.516887510684053364e-01
4.195784432522305374e-01
3.915734519317021212e-01
3.665342164255421253e-01
3.430439708645014463e-01
3.205975982910265754e-01
3.015473599865788334e-01
2.814814674246088888e-01
2.694700386817673876e-01
2.541263871434855104e-01
2.509608994946361804e-01
