4.036093298395486140e-01
4.036093297076275288e-01
4.090573747182675857e-01
4.474774417193372322e-01
5.114352195739583218e-01
5.732364790419716138e-01
5.971284266139502694e-01
6.621077123683316579e-01
7.029680497299548581e-01
7.165881618320397717e-01
7.271437487194428728e-01
7.390613473034711722e-01
7.559729867636105771e-01
7.731116281607846030e-01
7.916690315840889669e-01
8.111911923138063196e-01
8.263435669927887695e-01
8.426877019672048830e-01
8.586345840532794149e-01
8.702116789080945880e-01
8.812780206011735507e-01
8.901878439752963779e-01
9.009704328707686116e-01
9.082912436598350459e-01
9.168605639643501171e-01
9.198683387108405052e-01
9.266216449499143915e-01
9.273594007082907043e-01
