1.213351479494560126e+00
1.039049488029687884e+00
9.722293610131995667e-01
9.258930892450748518e-01
9.459547319055571224e-01
1.186940625742070266e+00
9.750107430781228546e-01
9.488562252382016782e-01
9.185010445056387418e-01
8.828905273340298399e-01
8.408230082664416294e-01
7.940904339084654540e-01
7.423685054544706396e-01
6.867831054512363309e-01
6.288995511800677951e-01
5.658463907900750378e-01
5.025757877782446315e-01
4.604791614482435236e-01
4.043136090014837203e-01
3.496072622401159014e-01
3.061356591935474603e-01
2.673026013523839284e-01
2.346135892934205491e-01
