1.141553211730371276e+00
1.087816838515643036e+00
1.087784086587000099e+00
1.087792539202824038e+00
1.087970000770304368e+00
1.087700129773030877e+00
1.087670165329797767e+00
1.087967507644771459e+00
1.087662890085831169e+00
1.087698278507764904e+00
1.087652110260587390e+00
1.087806145981555339e+00
1.087692312482307022e+00
1.087918499279060036e+00
1.088023726416935677e+00
1.087987605068606589e+00
1.087758185677993650e+00
1.087917772001592676e+00
1.087705491234675526e+00
1.087673258222628947e+00
1.087901478646920550e+00
