1.142076987304479596e+00
1.087990272512609602e+00
1.087728740530207183e+00
1.087801148364982540e+00
1.087687736803432337e+00
1.087800157637758725e+00
1.087747467267081047e+00
1.087688213322626885e+00
1.087725287716110323e+00
1.087833201071371825e+00
1.087918043082475306e+00
1.087704723251102124e+00
1.087736557076760979e+00
1.087830306817843873e+00
1.087773149471251477e+00
1.087757598974263606e+00
1.087791602238509459e+00
1.087710659949491676e+00
1.087878242665269113e+00
1.087821950815598182e+00
1.087665963982028527e+00
1.087921595960393839e+00
1.087643240375041342e+00
