7.258011932426086332e+00
6.388197564069369783e+00
5.795671151300124002e+00
5.365616170591897216e+00
5.011735679031561475e+00
4.772867733609168717e+00
4.553767385212721841e+00
4.385971210214107963e+00
4.228285671261407863e+00
4.008151947575904650e+00
3.852062345356143336e+00
3.704082240650273583e+00
3.631863796523572496e+00
3.519607395463076216e+00
3.466081920651597592e+00
3.224457695051054174e+00
3.095014891027220383e+00
3.004637467645366211e+00
2.918556299053183700e+00
2.818615764638269461e+00
2.728887391262228679e+00
2.666460001524809442e+00
2.625446861633600193e+00
2.567731579399617825e+00
