5.283112687330146606e+00
4.464917238207438466e+00
3.925642737316142217e+00
3.415169458790863644e+00
3.149380809541904469e+00
2.911839933578316497e+00
2.779158987824962068e+00
2.698578539544651989e+00
2.592924589845854388e+00
2.685367549631369588e+00
2.597248600598300428e+00
2.479980888570195940e+00
2.402997509100861961e+00
2.364180878148934628e+00
2.286247978205848685e+00
2.200059173015275871e+00
2.154620695679704934e+00
2.113168922985231291e+00
2.090259945119971707e+00
2.060207675354521761e+00
2.217798722790884192e+00
2.058153362957724219e+00
1.965490882259094185e+00
1.903795801384293052e+00
1.852419511325161361e+00
1.837625663320131109e+00
1.809173477135074704e+00
1.788388360968026225e+00
1.756961573889290529e+00
1.728776218306496748e+00
1.717866764856882611e+00
1.685918745168674349e+00
