3.512853979962914375e-01
4.189887066838906549e-01
4.683616139173548132e-01
4.992906188533224876e-01
5.295386185312398464e-01
5.528630608293513271e-01
5.739174849241100995e-01
5.825435560858146511e-01
5.692071960895964677e-01
5.900913681624581075e-01
6.097837808176687080e-01
6.222121334834981310e-01
6.338459790771120428e-01
6.409397874657286609e-01
5.978094318364833848e-01
6.214743770722815919e-01
6.323704672931346193e-01
6.471255884377005163e-01
6.573974238331773412e-01
6.646047327691787521e-01
6.729470515933090313e-01
6.808921176035147571e-01
6.809488675474044683e-01
6.905396972603157213e-01
