3.642812552154960359e-01
4.048578400721067339e-01
4.317008114978692079e-01
4.685886157867376611e-01
4.921400599931318731e-01
5.156347539528944868e-01
5.242608253818237252e-01
5.378241870867516150e-01
5.545088246707430280e-01
5.592191136591645462e-01
5.644969068762325515e-01
5.698882016114888982e-01
5.562113385202935856e-01
5.735769821115793698e-01
5.829975596994244613e-01
5.949151581549142476e-01
6.075137618938238893e-01
6.139265649990207629e-01
6.190341072005125511e-01
6.252766581840260018e-01
6.308949547920478240e-01
6.373645083011668655e-01
