3.581522046508289203e-01
4.140514160155113199e-01
4.537767434890055962e-01
5.129674819157657994e-01
5.420237218648336075e-01
5.642131544033546220e-01
5.811247942491094554e-01
6.031439755826293325e-01
5.975824302275600797e-01
6.067192555353351224e-01
6.123943023612364867e-01
6.189206063351643250e-01
6.220986326113846498e-01
6.404290331877371401e-01
6.501901140413803848e-01
6.611429543414266696e-01
6.687475170148000636e-01
6.772600870473141077e-01
6.862266615458511021e-01
6.899154417820992924e-01
6.841268940231977069e-01
6.974065035833592052e-01
7.026275463965050427e-01
7.077918390019189987e-01
7.195959366461819329e-01
