6.286674942144111711e+00
5.167479916575763887e+00
4.109877091369837032e+00
3.382104914654235461e+00
2.874025879000421391e+00
2.495162519557029057e+00
2.310016745275119909e+00
2.171881321278747556e+00
2.125688355076320590e+00
2.038896572115635131e+00
1.885481610835853417e+00
1.779374003126201753e+00
1.693663174783619940e+00
1.634120852795289069e+00
1.515798216597810999e+00
1.443829292769627237e+00
1.405636126199095282e+00
1.362744561267842158e+00
1.327777541452947574e+00
1.289281023961922346e+00
1.266622927549998723e+00
1.206029677203656725e+00
1.164959973072831056e+00
1.120172892043839630e+00
1.069966385701573985e+00
