3.515691506010903966e-01
4.039498324169892851e-01
4.620623120445174203e-01
4.944668293817854887e-01
5.213098008396825911e-01
5.444639914693778504e-01
5.571760964761641732e-01
5.694341979369924589e-01
5.802735371907218331e-01
5.832813120437638776e-01
5.948016573470700230e-01
6.021792181476779415e-01
6.121105499526279248e-01
6.165938367401726516e-01
6.225526361641078310e-01
5.984904377152393540e-01
6.154020771111095023e-01
6.289086887334615072e-01
6.391237724193358227e-01
6.451960727796537398e-01
6.514953749450853593e-01
6.552976559215260011e-01
6.610862038732353563e-01
6.593269391631128018e-01
6.600646957739021436e-01
6.641507294836802577e-01
6.733443053949502710e-01
6.833891382682040216e-01
6.849781513099103547e-01
6.909937007453870184e-01
6.936042218864265640e-01
7.031383006068446795e-01
7.081890922758758977e-01
7.123318769104952652e-01
7.181204248013178804e-01
