3.788661257402491378e-01
4.376028600544672464e-01
4.643890810763076082e-01
4.895295383244081533e-01
5.127404803389771226e-01
5.364054250504736165e-01
5.495715338704426633e-01
5.630213945713360424e-01
5.761875033236532051e-01
5.666534247960427484e-01
5.837920663860245440e-01
5.972986777546822612e-01
6.113160432017584744e-01
6.207366213139052791e-01
6.288519381401143082e-01
6.339027296738418693e-01
6.456500766537232039e-01
6.559219113963598025e-01
6.605186989951313814e-01
6.644912321609073302e-01
6.048464899598642308e-01
6.142103169509794958e-01
6.343567337474841361e-01
6.434368081980696985e-01
6.571704213075717504e-01
6.624482153060182732e-01
6.720390442341682702e-01
6.774303387766169582e-01
6.827648830504471356e-01
6.888939336151143067e-01
6.941717270926418548e-01
6.985415126190750446e-01
