5.632671996241604973e+00
5.230250685339881578e+00
4.993362173198753418e+00
4.663017698722775606e+00
4.402516373277731709e+00
4.210907583576036117e+00
4.026163017957477663e+00
3.842682711687472885e+00
3.673939943611266745e+00
3.543947136258031705e+00
3.446454166777456862e+00
3.351110827807136427e+00
3.456499866727302361e+00
3.307825647697472338e+00
3.181647880848187171e+00
3.092426565744625044e+00
2.999674342207792055e+00
2.967398428563788659e+00
2.886719609408256559e+00
2.855920879762780640e+00
2.823392158834328480e+00
2.781011047932097746e+00
