7.141153318035934561e+00
5.815152606711905037e+00
5.134508187705491444e+00
4.624344616565171151e+00
4.318852609148713384e+00
4.073700938157952756e+00
3.833515800376274374e+00
3.695780851156201141e+00
3.556618554781151964e+00
3.443469101356652295e+00
3.333527396549385013e+00
3.254281663304729566e+00
3.186538047115632821e+00
3.126483447759689227e+00
3.047176064620135350e+00
2.934389147299263367e+00
2.782872279679001970e+00
2.703546929864118820e+00
2.640065812082270646e+00
2.587268929078030855e+00
2.545823677417862640e+00
2.505138167241166336e+00
2.462594211253748444e+00
2.439952485833737139e+00
2.415375989328129691e+00
2.347862354398389417e+00
2.292930684196009317e+00
2.251806824643389771e+00
2.228748193373576658e+00
2.191608955198367958e+00
2.156798649629814157e+00
2.097869825189970339e+00
2.069540382750790108e+00
2.044512823148805225e+00
2.014399191394349309e+00
