1.098304706848098666e+00
1.098241803412147721e+00
1.098202511669050807e+00
1.098171038055560711e+00
1.098144000528159303e+00
1.098119891912318513e+00
1.098097918861793643e+00
1.098077621858294828e+00
1.098058687403242528e+00
1.098040865969626800e+00
1.098023975709328859e+00
1.098007878003748994e+00
1.097992459245169528e+00
1.097977624808975428e+00
1.097963334523510470e+00
1.097949567924096037e+00
1.097936228796299263e+00
1.097923285249047920e+00
1.097910663974818846e+00
1.097898399076899567e+00
1.097886472911692834e+00
1.097874818855676615e+00
1.097863434595158116e+00
1.097852302439183969e+00
1.097841405427440353e+00
1.097830715382940081e+00
1.097820242162554694e+00
1.097809956912779050e+00
1.097799864416597160e+00
1.097789968651936565e+00
1.097780222776670644e+00
1.097770646714263165e+00
1.097761206212592322e+00
1.097751912873947244e+00
1.097742754223330230e+00
1.097733745516229487e+00
1.097724856302555674e+00
1.097716087421191977e+00
1.097707462401444456e+00
1.097698902577765478e+00
1.097690500376085287e+00
1.097682178328293068e+00
1.097673962514169599e+00
1.097665850099102780e+00
1.097657836780436602e+00
1.097649887338628227e+00
1.097642054055011807e+00
1.097634286427496608e+00
1.097626605915242637e+00
1.097619000956552293e+00
1.097611469907486148e+00
1.097604017740453797e+00
1.097596647608030551e+00
1.097589313973769354e+00
1.097582058842691888e+00
1.097574868481476118e+00
1.097567737505037000e+00
1.097560684253785057e+00
1.097553677431984065e+00
1.097546725604355622e+00
1.097539867650406453e+00
1.097533029728164244e+00
1.097526263794234014e+00
1.097519567737879287e+00
1.097512899006098275e+00
1.097506295761288886e+00
1.097499743005040163e+00
1.097493238010983418e+00
1.097486805938834076e+00
1.097480403254639691e+00
1.097474051174014198e+00
1.097467758552582051e+00
1.097461502402251377e+00
1.097455304141591537e+00
1.097449129356116604e+00
1.097443035387517973e+00
1.097436972653769161e+00
1.097430932035403428e+00
1.097424942805367731e+00
1.097418967024516023e+00
1.097413052962428637e+00
1.097407170730527071e+00
1.097401316540309368e+00
1.097395518819073823e+00
1.097389768257929221e+00
1.097384027161275366e+00
1.097378329138541719e+00
1.097372653887414007e+00
1.097367036519192096e+00
1.097361425354642872e+00
1.097355859800957623e+00
1.097350302040762893e+00
1.097344794288801051e+00
1.097339327736803538e+00
1.097333892385830234e+00
1.097328440460158427e+00
1.097323055347433796e+00
1.097317687093545269e+00
1.097312326910520053e+00
1.097306996744611629e+00
1.097301711810716895e+00
1.097296443674771416e+00
1.097291171364708218e+00
1.097285968336883855e+00
1.097280762034711143e+00
1.097275571393936833e+00
1.097270443858789690e+00
1.097265318251719579e+00
1.097260218020851053e+00
1.097255149741941604e+00
1.097250093823021633e+00
1.097245052347767258e+00
1.097240041748807959e+00
1.097235074338777094e+00
1.097230097863401088e+00
1.097225167343912844e+00
1.097220245355320589e+00
1.097215330882846729e+00
1.097210442530744290e+00
1.097205610255243657e+00
1.097200765085304175e+00
1.097195931064386398e+00
1.097191145252162547e+00
1.097186359176096637e+00
1.097181620226295395e+00
1.097176883969037231e+00
1.097172170104534494e+00
1.097167491378392423e+00
1.097162790638344765e+00
1.097158139115003372e+00
1.097153491671067460e+00
1.097148873270062053e+00
1.097144266146616642e+00
1.097139684182886876e+00
1.097135110980069106e+00
1.097130537750190538e+00
1.097125993137036071e+00
1.097121480759978507e+00
1.097116989943559107e+00
1.097112483770174451e+00
1.097108004251610813e+00
1.097103562672193222e+00
1.097099122391691051e+00
1.097094706817636878e+00
1.097090279878075503e+00
1.097085901241920514e+00
1.097081524621790205e+00
1.097077163656293264e+00
1.097072818717514942e+00
1.097068474982939135e+00
1.097064159262986172e+00
1.097059839889834132e+00
1.097055536793712704e+00
1.097051264154444983e+00
1.097046996839376121e+00
1.097042737121608047e+00
1.097038463629927296e+00
1.097034223416181620e+00
1.097029993492279365e+00
1.097025778695326137e+00
1.097021576339544557e+00
1.097017387412651201e+00
1.097013226236538630e+00
1.097009058220825839e+00
1.097004898073020929e+00
1.097000783333124341e+00
1.096996659385813588e+00
1.096992554441901913e+00
1.096988472628150912e+00
1.096984379726265058e+00
1.096980321117091872e+00
1.096976259740958692e+00
1.096972222996856816e+00
1.096968202983052310e+00
1.096964192805824023e+00
1.096960194014398926e+00
1.096956202813508918e+00
1.096952203257617997e+00
1.096948222448049126e+00
1.096944241212273630e+00
1.096940295277223143e+00
1.096936338199916205e+00
1.096932410686458859e+00
1.096928487286233045e+00
1.096924585338402203e+00
1.096920683776186900e+00
1.096916794296588504e+00
1.096912896928786685e+00
1.096909025843720853e+00
1.096905175358637186e+00
1.096901319380224837e+00
1.096897501185359669e+00
1.096893670948468680e+00
1.096889853869858600e+00
1.096886033618377887e+00
1.096882242639843685e+00
1.096878454130601588e+00
1.096874659823597442e+00
1.096870875014910318e+00
1.096867115555363759e+00
1.096863370322997078e+00
1.096859629636833366e+00
1.096855875217348286e+00
1.096852156592446503e+00
1.096848437331617410e+00
1.096844724991570486e+00
1.096841020952403101e+00
1.096837331201302224e+00
1.096833648303331632e+00
1.096829983894606286e+00
1.096826307964774205e+00
1.096822657702046344e+00
1.096818984620356430e+00
1.096815337280187652e+00
1.096811691286290413e+00
1.096808062157994312e+00
1.096804438739512610e+00
1.096800827491595243e+00
1.096797213679673533e+00
1.096793637353630668e+00
1.096790050298007690e+00
1.096786470880276143e+00
1.096782901346477157e+00
1.096779344017068114e+00
1.096775788331598722e+00
1.096772235338671964e+00
1.096768693217394564e+00
1.096765167379912365e+00
1.096761649261503990e+00
1.096758138057112753e+00
1.096754641634646310e+00
1.096751136755701017e+00
1.096747641226238912e+00
1.096744158956535209e+00
1.096740689148298697e+00
1.096737209618494191e+00
1.096733742685460422e+00
1.096730291183809047e+00
1.096726842164979843e+00
1.096723405073168234e+00
1.096719981011099021e+00
1.096716556056025693e+00
1.096713132629883791e+00
1.096709732665396508e+00
1.096706326402523857e+00
1.096702933541478631e+00
1.096699532095416263e+00
1.096696162242758454e+00
1.096692788134800534e+00
1.096689394854313937e+00
1.096686045391917830e+00
1.096682703608004239e+00
1.096679354355328595e+00
1.096675998141279695e+00
1.096672638314623027e+00
1.096669322515777534e+00
1.096665997279501426e+00
1.096662665075087029e+00
1.096659358131865991e+00
1.096656054875669417e+00
1.096652755117072608e+00
1.096649455331415224e+00
1.096646161580300927e+00
1.096642882989961709e+00
1.096639623937470942e+00
1.096636332621822474e+00
1.096633070274687816e+00
1.096629821890890533e+00
1.096626567404898278e+00
1.096623330589564072e+00
1.096620123162184823e+00
1.096616897286151637e+00
1.096613663116003945e+00
1.096610448849024699e+00
1.096607242808507854e+00
1.096604039758201976e+00
1.096600832790855184e+00
1.096597661374544952e+00
1.096594488530781231e+00
1.096591294065492495e+00
1.096588130611802603e+00
1.096584955319042542e+00
1.096581792602757677e+00
1.096578655073249031e+00
1.096575492289312503e+00
1.096572347737543973e+00
1.096569206243638073e+00
1.096566081615333532e+00
1.096562951899611171e+00
1.096559849271681708e+00
1.096556718074384484e+00
1.096553630262205647e+00
1.096550527526033214e+00
1.096547433313991293e+00
1.096544334860179770e+00
1.096541248955782644e+00
1.096538166102483114e+00
1.096535080089843017e+00
1.096532014886905770e+00
1.096528941944599156e+00
1.096525885685234014e+00
1.096522826895690361e+00
1.096519757484809343e+00
1.096516723800859738e+00
1.096513667074696663e+00
1.096510633613998253e+00
1.096507587915083626e+00
1.096504545720533796e+00
1.096501514614118822e+00
1.096498509005678690e+00
1.096495503491951018e+00
1.096492464632636388e+00
1.096489464213091569e+00
1.096486462156372577e+00
1.096483480638748897e+00
1.096480474049357223e+00
1.096477484995319829e+00
1.096474508741008602e+00
1.096471513381820806e+00
1.096468549555150718e+00
1.096465571399823258e+00
1.096462610779849856e+00
1.096459644768025710e+00
1.096456675238306477e+00
1.096453717608544043e+00
1.096450763902587777e+00
1.096447819458167050e+00
1.096444878139261059e+00
1.096441944113222045e+00
1.096439009099466455e+00
1.096436081074144919e+00
1.096433146432474137e+00
1.096430225889444943e+00
1.096427302823002492e+00
1.096424385202532381e+00
1.096421468921568554e+00
1.096418566042432152e+00
1.096415663663919293e+00
1.096412746571133301e+00
1.096409858893363065e+00
1.096406963936255918e+00
1.096404073450934824e+00
1.096401188398055560e+00
1.096398315082768971e+00
1.096395417020442853e+00
1.096392559481562889e+00
1.096389695096317674e+00
1.096386809393980810e+00
1.096383965196041865e+00
1.096381116539847156e+00
1.096378254251808571e+00
1.096375407043363115e+00
1.096372580306361311e+00
1.096369725033817577e+00
1.096366890253013260e+00
1.096364057346164600e+00
1.096361239228005768e+00
1.096358421421045559e+00
1.096355598289886268e+00
1.096352790211259309e+00
1.096349978053226870e+00
1.096347175948256369e+00
1.096344363627859364e+00
1.096341566400585776e+00
1.096338769653640188e+00
1.096335995583588074e+00
1.096333185631005236e+00
1.096330408056588324e+00
1.096327633120592671e+00
1.096324860714775529e+00
1.096322077234353820e+00
1.096319319894599076e+00
1.096316565186500780e+00
1.096313792807744214e+00
1.096311046346403861e+00
1.096308292680143515e+00
1.096305536524295965e+00
1.096302797355822811e+00
1.096300068531314453e+00
1.096297312104859589e+00
1.096294584430432373e+00
1.096291853684612017e+00
1.096289137240388678e+00
1.096286414991638258e+00
1.096283690009753897e+00
1.096280996607743807e+00
1.096278280346180134e+00
1.096275588709882731e+00
1.096272884152085902e+00
1.096270168925595367e+00
1.096267505513641494e+00
1.096264811841024089e+00
1.096262124805051030e+00
1.096259432052498539e+00
1.096256759609025133e+00
1.096254085643385778e+00
1.096251405027571568e+00
1.096248742427439415e+00
1.096246082093643714e+00
1.096243415813252353e+00
1.096240750304091627e+00
1.096238076703772046e+00
1.096235419759333141e+00
1.096232773970680752e+00
1.096230119157274530e+00
1.096227467192010252e+00
1.096224836049979112e+00
1.096222190322213574e+00
1.096219546549585866e+00
1.096216921042952208e+00
1.096214277053838559e+00
1.096211653982670953e+00
1.096209043616516832e+00
1.096206404714820781e+00
1.096203794822229627e+00
1.096201176351386364e+00
1.096198557217554992e+00
1.096195953623349206e+00
1.096193353492916911e+00
1.096190756413582212e+00
1.096188138402771406e+00
1.096185555753572016e+00
1.096182954824848288e+00
1.096180370416701244e+00
1.096177779297492938e+00
1.096175186656118239e+00
1.096172600211651194e+00
1.096170011230240604e+00
1.096167440623067035e+00
1.096164836007318399e+00
1.096162279160526998e+00
1.096159692107193440e+00
1.096157140198985802e+00
1.096154572027278062e+00
1.096152002590480956e+00
1.096149439242348755e+00
1.096146878965609472e+00
1.096144325562296240e+00
1.096141776962263004e+00
1.096139234924457195e+00
1.096136679207451170e+00
1.096134136702847872e+00
1.096131581283509959e+00
1.096129055482143455e+00
1.096126509588183140e+00
1.096123988549505324e+00
1.096121460082656762e+00
1.096118940248181461e+00
1.096116425622897017e+00
1.096113893895230174e+00
1.096111378255168356e+00
1.096108867107188134e+00
1.096106346853271463e+00
1.096103840474745184e+00
1.096101351780407240e+00
1.096098851084634784e+00
1.096096346444760616e+00
1.096093844456837996e+00
1.096091353888544395e+00
1.096088874300142901e+00
1.096086383352999016e+00
1.096083911246889642e+00
1.096081414197550785e+00
1.096078937937619235e+00
1.096076470628024824e+00
1.096073990701363909e+00
1.096071526449632350e+00
1.096069057638167088e+00
1.096066603425966957e+00
1.096064150735932996e+00
1.096061687979306587e+00
1.096059240417281311e+00
1.096056784818218555e+00
1.096054333907427791e+00
1.096051871577008008e+00
1.096049434169522385e+00
1.096046994712186251e+00
1.096044549517974920e+00
1.096042113483821412e+00
1.096039680811963901e+00
1.096037251164143189e+00
1.096034814385819622e+00
1.096032367784450123e+00
1.096029962376280142e+00
1.096027527194539664e+00
1.096025104751638946e+00
1.096022690826103485e+00
1.096020276305231800e+00
1.096017848348706858e+00
1.096015449813962706e+00
1.096013042227403700e+00
1.096010639484715776e+00
1.096008244975255508e+00
1.096005827078557537e+00
1.096003433468866639e+00
1.096001033290183058e+00
1.095998639254285534e+00
1.095996253532798059e+00
1.095993875943060525e+00
1.095991485276224031e+00
