1.094815580306776504e+00
1.094254019737893158e+00
1.093689388418622510e+00
1.093112604185506820e+00
1.092527297655182084e+00
1.091923009651783349e+00
1.091318319952113924e+00
1.090691655517388892e+00
1.090055918762547371e+00
1.089411836626797525e+00
1.088766384047632707e+00
1.088110748156469576e+00
1.087454001117825531e+00
1.086790796779664836e+00
1.086107438778702639e+00
1.085410482814042510e+00
1.084712018017384372e+00
1.084016795319668214e+00
1.083316619493222444e+00
1.082611564745339372e+00
1.081910454532113874e+00
1.081205800492784697e+00
1.080499220615577682e+00
1.079785049357402604e+00
1.079076411734779528e+00
1.078369549587077314e+00
1.077654901498509066e+00
1.076932527131224004e+00
1.076204961169274110e+00
1.075475968721133269e+00
1.074734899190083581e+00
1.073988621773808383e+00
1.073228657810528786e+00
1.072461472129410565e+00
1.071678511374289489e+00
1.070882683613197273e+00
1.070070243532585508e+00
1.069238200786266413e+00
1.068388129321124813e+00
1.067516099986528966e+00
1.066610568938058501e+00
1.065677536602127384e+00
1.064701978346186628e+00
1.063683409823725112e+00
1.062625453783471174e+00
1.061523934707124139e+00
1.060357027776083871e+00
1.059122398657192932e+00
1.057801325924246028e+00
1.056395093270716234e+00
1.054847510385564791e+00
1.053169216493236693e+00
1.051314836503374206e+00
1.049249061613481748e+00
1.046920807351725546e+00
1.044235999823279526e+00
1.041147934883760229e+00
1.037588151100240497e+00
1.033563215882355557e+00
1.029316943996536171e+00
1.025369006938922523e+00
1.021900843115401081e+00
1.018755378317774740e+00
1.016004858814718137e+00
1.013271162163676076e+00
1.010669833089874903e+00
1.008215318864850829e+00
1.005697413765675785e+00
1.003256490975948267e+00
1.000803066939868202e+00
9.982662878359334080e-01
9.958583214085310331e-01
9.934720959317554501e-01
9.911581263200668346e-01
9.888295624395632144e-01
9.863823881404204519e-01
9.839748064997139165e-01
9.816305193868047896e-01
9.792852353802077303e-01
9.770100171426240321e-01
9.747055239219020173e-01
9.724676033119278307e-01
9.702417905360019024e-01
9.678416729013979980e-01
9.654979757834803999e-01
9.633222423423251080e-01
9.612982753362147026e-01
9.593278950029642260e-01
9.573122712162862591e-01
9.553115576189388225e-01
9.533555398334554454e-01
9.514006223846906973e-01
9.495153476780466839e-01
9.475526407265472129e-01
9.458204797817327814e-01
9.439503459334813718e-01
9.420251569685144100e-01
9.401638443878211904e-01
9.383465023846099262e-01
9.365679112312018662e-01
9.338209574294681348e-01
9.320010268710526846e-01
9.302014992386060666e-01
9.283457440358746648e-01
9.267095758048868870e-01
9.250921181927244108e-01
9.231890728150152770e-01
9.215049583655765542e-01
9.198027633726308938e-01
9.181048796481479091e-01
9.164413650625375940e-01
9.147910066335847024e-01
9.131712149656371347e-01
9.115430677250331293e-01
9.098573592124383769e-01
9.082075370324806940e-01
9.065899448912717595e-01
9.048459186848105684e-01
9.031944265566391739e-01
9.018191392741986556e-01
9.011545517537834504e-01
8.988083090936952457e-01
8.972691482085319858e-01
8.957288289278496629e-01
8.942408336764208210e-01
8.927713047970329274e-01
8.912752791211726588e-01
8.897996822041325249e-01
8.883084906337548325e-01
8.868270052642274193e-01
8.853865492243101487e-01
8.839184553518609766e-01
8.824409187080221040e-01
8.801336737592647674e-01
8.786714366579507773e-01
8.775433713857652140e-01
8.777106978939147597e-01
8.755054417793586286e-01
8.738449826717349378e-01
8.724612380209294527e-01
8.711507484628869813e-01
8.698652647294019546e-01
8.692355058357059683e-01
8.675651822557758353e-01
8.662006350666594523e-01
8.649485360499740150e-01
8.637174210850939726e-01
8.624711453620357293e-01
8.612365290631663894e-01
8.600078553856045360e-01
8.587734636603673311e-01
8.575556877962232649e-01
8.563370745884669732e-01
8.551153833137780103e-01
8.538936204972789046e-01
8.526751636937882628e-01
8.514542761904908552e-01
8.502248555826048548e-01
8.490009660665621682e-01
8.477756732756714930e-01
8.465238225885582946e-01
8.452877985430551355e-01
8.441736307224535496e-01
8.456120727640107360e-01
8.435878059317553079e-01
8.420053567513455794e-01
8.407119131745832696e-01
8.395612870724786791e-01
8.384701368331259896e-01
8.373747955764383466e-01
8.362980146669487524e-01
8.352201764878955936e-01
8.341547103909383587e-01
8.330879046490620166e-01
