3.611599796932960516e-01
4.090006243786146745e-01
4.071846091038969218e-01
4.133136598935064354e-01
4.191022077200598495e-01
4.344248338357509787e-01
4.365246012586178059e-01
4.406673855685083740e-01
4.275580272522478964e-01
4.566142670304947915e-01
4.484989500148607311e-01
4.571250211190611701e-01
4.597922932170764865e-01
4.160944328348831767e-01
4.036093297076275288e-01
4.036093299038178150e-01
4.036093297718967854e-01
4.036093299004352430e-01
4.036093298361659865e-01
4.036093297076275288e-01
4.036093299004352430e-01
4.036093299359524433e-01
