3.439645877315267164e-01
3.534986665229792879e-01
3.648487598940270971e-01
3.734180805621707955e-01
3.854491799506607475e-01
3.924294875669503968e-01
3.953237613483059909e-01
3.982747855978530094e-01
3.993530447539484496e-01
3.999205492430543685e-01
4.013960616122200786e-01
4.015663127850866432e-01
4.023040690001128405e-01
4.025310709760473449e-01
4.032120766264782885e-01
4.032120764556574311e-01
4.037228308689526091e-01
4.034958287035929625e-01
4.033823280598043959e-01
4.033255774952091977e-01
4.034958288321314757e-01
4.036093298683006148e-01
4.034958287323450188e-01
4.036093299359524433e-01
4.036093296433582722e-01
4.035525791717843314e-01
4.035525794677610745e-01
4.035525794001092459e-01
4.035525793003228445e-01
4.036093298040314137e-01
4.036093298970526710e-01
4.036093297718967854e-01
4.036093299325698713e-01
4.036093297397621571e-01
4.036093298361659865e-01
4.036093296721103285e-01
4.036093299038178150e-01
4.036093297397621571e-01
4.036093298040314137e-01
4.036093297076275288e-01
4.036093296078410719e-01
4.036093298683006148e-01
4.036093299325698713e-01
4.036093298361659865e-01
4.036093296399757002e-01
4.036093296399757002e-01
4.036093296721103285e-01
4.036093296721103285e-01
4.036093296754929005e-01
4.036093298683006148e-01
4.036093299038178150e-01
4.036093296112236994e-01
4.036093298361659865e-01
4.036093299325698713e-01
4.036093298074139857e-01
4.036093299359524433e-01
4.036093297042449568e-01
4.036093298361659865e-01
4.036093298395486140e-01
4.036093299325698713e-01
4.036093296721103285e-01
4.036093296399757002e-01
4.036093299038178150e-01
4.036093296721103285e-01
4.036093297363795851e-01
4.036093298040314137e-01
4.036093297363795851e-01
4.036093296721103285e-01
4.036093297397621571e-01
4.036093299038178150e-01
4.036093296365931282e-01
4.036093298683006148e-01
4.036093298040314137e-01
4.036093296112236994e-01
4.036093296721103285e-01
4.036093296721103285e-01
4.036093296721103285e-01
4.036093298006487862e-01
4.036093298683006148e-01
4.036093298006487862e-01
4.036093296754929005e-01
4.036093298716832423e-01
4.036093296754929005e-01
4.036093298716832423e-01
4.036093297718967854e-01
4.036093298074139857e-01
4.036093296433582722e-01
4.036093297685141579e-01
4.036093297397621571e-01
4.036093296399757002e-01
4.036093296078410719e-01
4.036093296399757002e-01
4.036093298361659865e-01
4.036093299325698713e-01
4.036093298006487862e-01
4.036093297397621571e-01
4.036093296687277565e-01
4.036093298683006148e-01
4.036093296721103285e-01
4.036093297685141579e-01
4.036093296078410719e-01
4.036093297397621571e-01
4.036093299325698713e-01
4.036093296078410719e-01
4.036093296078410719e-01
4.036093298361659865e-01
4.036093299038178150e-01
4.036093298970526710e-01
4.036093298683006148e-01
4.036093298683006148e-01
4.036093298716832423e-01
4.036093297972662142e-01
4.036093297685141579e-01
4.036093296112236994e-01
4.036093299359524433e-01
4.036093297076275288e-01
4.036093298040314137e-01
4.036093297397621571e-01
4.036093298006487862e-01
4.036093297397621571e-01
4.036093297076275288e-01
4.036093297076275288e-01
4.036093299004352430e-01
4.036093298683006148e-01
4.036093296044584999e-01
4.036093298970526710e-01
4.036093297042449568e-01
4.036093299004352430e-01
4.036093296044584999e-01
4.036093298683006148e-01
4.035525793037054165e-01
4.035525791684017594e-01
4.035525793967266739e-01
4.035525793679746731e-01
4.035525793679746731e-01
4.035525792681882162e-01
4.035525792681882162e-01
4.035525794288613022e-01
4.035525793324574173e-01
4.035525791396497031e-01
4.035525792394361599e-01
4.035525794034918734e-01
4.036093297752793574e-01
4.036093297397621571e-01
4.036093296399757002e-01
4.036093297718967854e-01
4.035525792106841592e-01
4.035525793392226168e-01
4.035525793324574173e-01
4.035525791684017594e-01
4.035525794643785025e-01
4.035525792039189596e-01
4.035525791717843314e-01
4.035525794677610745e-01
4.035525792681882162e-01
4.035525792039189596e-01
4.035525791362671311e-01
4.035525792005363876e-01
4.035525792715707882e-01
4.035525793324574173e-01
4.035525793003228445e-01
4.036093297685141579e-01
4.035525791717843314e-01
4.035525793679746731e-01
4.035525794001092459e-01
4.035525792715707882e-01
4.035525793358400448e-01
4.035525791751669589e-01
4.036660801403016974e-01
4.036660801081670691e-01
4.036093298040314137e-01
4.037795811409536362e-01
4.038363316734142616e-01
4.038930821805054028e-01
4.038930822413920874e-01
4.041200839501018494e-01
4.040065829173152268e-01
4.041200839179672211e-01
4.041200839179672211e-01
4.041200840177536779e-01
4.041768343218893333e-01
4.041200841175400793e-01
4.041768345857314482e-01
4.041200839179672211e-01
4.043470857619806402e-01
4.044038361912721813e-01
4.043470860190575555e-01
4.043470857941152685e-01
4.045740878275537744e-01
4.045740877954192016e-01
4.046308381638241136e-01
4.046308380674202287e-01
4.048010897290712506e-01
4.048578402040278190e-01
4.049145905724327310e-01
4.048010895041289636e-01
4.047443389716683382e-01
4.049713409442202150e-01
4.049145904083770175e-01
4.052550934170981445e-01
4.053685943145810544e-01
4.051415922811424930e-01
4.055388457225377330e-01
4.057090970628425830e-01
4.054820951866945355e-01
4.058225979958426932e-01
4.061631010045637646e-01
4.058793486602243483e-01
4.059360988713388019e-01
4.055955960909426450e-01
4.060495999683946255e-01
4.061631008049908509e-01
4.056523465625165858e-01
4.061063502725302810e-01
4.066171044896351172e-01
4.067306056864773978e-01
4.059360988645736024e-01
4.063901026777563263e-01
4.072413595687057186e-01
4.079223654187095760e-01
4.084331196933184693e-01
4.085466205688145780e-01
4.108733897967950521e-01
4.117813970916665567e-01
4.141649168554902283e-01
4.166051870519880684e-01
4.146189206686729523e-01
4.196697123309390265e-01
4.163214345148409379e-01
4.145054197576596433e-01
4.149026727779222545e-01
4.171726916696324450e-01
4.187617047823731786e-01
4.256285115942011199e-01
4.299415471767447094e-01
4.218829804973808772e-01
4.285795356475578521e-01
4.304523013904669737e-01
4.054253448182896236e-01
4.099086317986420647e-01
4.132001587321813552e-01
4.139946653156124645e-01
4.164349356795485901e-01
4.188752057796425454e-01
4.207479710016325813e-01
