1.090136652981597010e+00
1.076017950545996582e+00
1.064595401649016226e+00
1.054950172808741149e+00
1.047218334653863048e+00
1.040766643392708968e+00
1.035052388495494080e+00
1.029549744084395480e+00
1.024220785808633627e+00
1.018783116961681001e+00
1.013249131940589853e+00
1.007315882576505839e+00
1.000865166015856733e+00
9.935478328285176630e-01
9.890956579099806634e-01
9.816644059212008555e-01
9.647828140754541870e-01
9.534546083614089396e-01
9.437154337622563061e-01
9.349836570323173390e-01
9.268196119494162000e-01
9.194368566924708830e-01
9.127352315128934857e-01
9.064432415563885570e-01
9.012239335222050896e-01
8.953023420804394616e-01
8.900759050892238511e-01
8.849121631561752688e-01
8.809317454334609776e-01
8.761968297853107712e-01
8.717782704623561196e-01
8.674561153454837248e-01
8.634061077708493626e-01
8.595295937640003991e-01
8.556827894912446553e-01
8.520388595261358944e-01
8.484466322589614418e-01
8.449800910003122389e-01
8.415029028725606874e-01
8.382433079528548436e-01
8.435849379136067805e-01
8.351981399325979494e-01
8.304273354453103329e-01
8.301064707548108101e-01
8.248596338413676232e-01
8.213482010980840409e-01
8.187901687861557365e-01
8.163218197213163441e-01
8.139113488806734020e-01
8.116103057984184188e-01
8.093499478941492686e-01
8.071177324678548981e-01
8.049379158937378653e-01
8.027696889913905620e-01
8.006992757330552157e-01
7.986709302396239885e-01
7.974736769132666492e-01
7.954853999074177340e-01
7.935346431984112714e-01
7.915793982775810589e-01
7.896890629197714784e-01
7.878228483652799374e-01
7.860317865373814827e-01
7.842125006400187948e-01
7.824520371732954782e-01
7.806894859271262810e-01
7.790045422015561272e-01
7.772958900308670760e-01
7.755986212953441816e-01
7.739581094380235671e-01
7.723065677853300226e-01
7.707089407071509024e-01
7.690945489981220184e-01
7.675357720488066304e-01
7.659779214762942878e-01
7.644578070302575634e-01
7.629463177460370504e-01
7.614165213049747249e-01
7.608012471957548151e-01
7.584669400131477390e-01
7.578845182684775805e-01
7.564343273974555304e-01
7.550144774318046093e-01
7.536017822932455923e-01
7.522081754432350387e-01
7.508267822347348686e-01
