1.095410827921722285e+00
1.094523202411622709e+00
1.093919175659295639e+00
1.093417925235531163e+00
1.092973113452378131e+00
1.092568321109230745e+00
1.092124965545247628e+00
1.091685054697437485e+00
1.091273111170249166e+00
1.090876265102804554e+00
1.090489936344442690e+00
1.090118242909408952e+00
1.089769100142989222e+00
1.089432641046081507e+00
1.089103532043125044e+00
1.088781849262723922e+00
1.088469640410762995e+00
1.088165890060335261e+00
1.087867039874019337e+00
1.087571573909609901e+00
1.087281832920423241e+00
1.086998102187460846e+00
1.086718720966540763e+00
1.086444460779426802e+00
1.086175739261161066e+00
1.085912259744938879e+00
1.085653852194650826e+00
1.085397644830706554e+00
1.085142412417579472e+00
1.084889233765175431e+00
1.084639989817618000e+00
1.084393098705993763e+00
1.084149619134084919e+00
1.083908955914621997e+00
1.083672394418843554e+00
1.083440640864202553e+00
1.083212422192093349e+00
1.082987214987072733e+00
1.082765044997427317e+00
1.082545980720634793e+00
1.082331142098914123e+00
1.082120427525981921e+00
1.081913317943172803e+00
1.081708960057955693e+00
1.081508142663607064e+00
1.081310525877333228e+00
1.081115077535164781e+00
1.080921809036434977e+00
1.080730741684705176e+00
1.080543134013732809e+00
1.080357648296528250e+00
1.080174004819835387e+00
1.079993175679563988e+00
1.079814282957916705e+00
1.079637026930226007e+00
1.079460905065169118e+00
1.079287184928022558e+00
1.079115564541313077e+00
1.078944872094164120e+00
1.078776550992488703e+00
1.078611123650482950e+00
1.078446753990717211e+00
1.078283143898637109e+00
1.078122135087070665e+00
1.077962164291356828e+00
1.077804165735910980e+00
1.077647266103260559e+00
1.077490689298377546e+00
1.077335909380219281e+00
1.077184573995573880e+00
1.077035115218569761e+00
1.076885419233954311e+00
1.076737941938458398e+00
1.076590797848520520e+00
1.076444999806747349e+00
1.076299258105418266e+00
1.076154229961765685e+00
1.076010567755915970e+00
1.075867348155398417e+00
1.075724695815474918e+00
1.075582982597959480e+00
1.075442738669947218e+00
1.075302630566514317e+00
1.075162949508492449e+00
1.075024849466971411e+00
1.074886323739840943e+00
1.074748172668544388e+00
1.074611645322349096e+00
1.074475300013697732e+00
1.074339910767472261e+00
1.074204480896322922e+00
1.074069381626136188e+00
1.073934944254688606e+00
1.073801031259340011e+00
1.073668221171479642e+00
1.073534729667327214e+00
1.073403023231124909e+00
1.073270254728844186e+00
1.073138900576016130e+00
1.073007774666931757e+00
1.072877131561897235e+00
1.072746686649663550e+00
1.072615957302075929e+00
1.072486342274840299e+00
1.072357458455643453e+00
1.072228113176549202e+00
1.072100371151112341e+00
1.071971430768220435e+00
1.071843366084145543e+00
1.071716192915886046e+00
1.071588551177521831e+00
1.071462026736189843e+00
1.071335635744857573e+00
1.071209188162769665e+00
1.071083776952595157e+00
1.070958197133764722e+00
1.070832265681017859e+00
1.070707123589822896e+00
1.070581884492668889e+00
1.070456829854994352e+00
1.070332437866994280e+00
1.070207503575159924e+00
1.070082836771896195e+00
1.069958878770385313e+00
1.069834857602360634e+00
1.069711005475963317e+00
1.069587457863983238e+00
1.069464314884362999e+00
1.069341113061181403e+00
1.069217932947471805e+00
1.069095202258398825e+00
1.068972014702987972e+00
1.068849754085890336e+00
1.068727922334038238e+00
1.068605473834278508e+00
1.068483494432307612e+00
1.068361870019784110e+00
1.068240416326653230e+00
1.068119084900674753e+00
1.067997428164106699e+00
1.067875571996709239e+00
1.067754979802276738e+00
1.067633345898201247e+00
1.067512272476006663e+00
1.067391408185913937e+00
1.067270441971574169e+00
1.067149407679198081e+00
1.067029468236976975e+00
1.066908858290704254e+00
1.066788091020100859e+00
1.066667900779015854e+00
1.066547434099023306e+00
1.066427545456561266e+00
1.066306873020293144e+00
1.066186577343831043e+00
1.066066514809105525e+00
1.065945939886185023e+00
1.065825945625686222e+00
1.065705489891759727e+00
1.065585394214402681e+00
1.065465397917583656e+00
1.065345485475208021e+00
1.065225088645729734e+00
1.065104915743808833e+00
1.064984595164708114e+00
1.064863792904578332e+00
1.064744686154906361e+00
1.064623473796148412e+00
1.064502973439074962e+00
1.064382482472075564e+00
1.064261916702447630e+00
1.064141317262504050e+00
1.064020999463893613e+00
1.063900136804210028e+00
1.063779946644307195e+00
1.063659425781964041e+00
1.063538723220335935e+00
1.063419190757993515e+00
1.063298694899766694e+00
1.063178004386929665e+00
1.063057494030915651e+00
1.062937423783881341e+00
1.062816247118228974e+00
1.062695057551372724e+00
1.062574887037561311e+00
1.062453789544845595e+00
1.062332829297397252e+00
1.062211580758440910e+00
1.062090777869149072e+00
1.061969346014028925e+00
1.061847983502034687e+00
1.061726996254741096e+00
1.061605124121511645e+00
1.061483092559979857e+00
1.061361447513648137e+00
1.061238947835279056e+00
1.061117543270907015e+00
1.060995221036522773e+00
1.060872666871369718e+00
1.060750207506726106e+00
1.060627006630670000e+00
1.060504199643863332e+00
1.060380953488437417e+00
1.060257520174223922e+00
1.060133920125310159e+00
1.060010039903108048e+00
1.059886134338530406e+00
1.059761971155784410e+00
1.059637563695810636e+00
1.059512643130532838e+00
1.059388228445343749e+00
1.059262910892362575e+00
1.059137774044184299e+00
1.059012658107186589e+00
1.058887109915586766e+00
1.058761330713283266e+00
1.058636232230457663e+00
1.058510124213200010e+00
1.058384220558590050e+00
1.058257775878765461e+00
1.058131653086348045e+00
1.058003904390440564e+00
1.057877214114177900e+00
1.057750120720956089e+00
1.057623152544506340e+00
1.057495419976795192e+00
1.057367852154820431e+00
1.057240078272136730e+00
1.057112662227042366e+00
1.056984376612386756e+00
1.056856570919812555e+00
1.056727354280672992e+00
1.056598692251235372e+00
1.056469550482376230e+00
1.056339823809325562e+00
1.056210123479897289e+00
1.056080783288220859e+00
1.055950464884909179e+00
1.055819807167079238e+00
1.055689387603986118e+00
1.055558564132407673e+00
1.055427560977568957e+00
1.055295650104301597e+00
1.055164169584620337e+00
1.055032171372840777e+00
1.054900097174525708e+00
1.054767116083134670e+00
1.054635056132295023e+00
1.054501652744651130e+00
1.054368041280273838e+00
1.054234212863242925e+00
1.054100080615078872e+00
1.053965896755333365e+00
1.053831176856313556e+00
1.053695984788111772e+00
1.053560471454899838e+00
1.053424792266461685e+00
1.053288548077000453e+00
1.053152450401107387e+00
1.053015515642061750e+00
1.052878841389917497e+00
1.052741136137415268e+00
1.052602794098533412e+00
1.052464630782255828e+00
1.052326370162351310e+00
1.052187041042679239e+00
1.052048097139292260e+00
1.051908100857568806e+00
1.051767477558389841e+00
1.051626722270490921e+00
1.051485185407765588e+00
1.051344176851710666e+00
1.051202685126286340e+00
1.051059868087982796e+00
1.050916601455913257e+00
1.050773334837373785e+00
1.050629903398681231e+00
1.050485209326530001e+00
1.050340429065947490e+00
1.050194513797083395e+00
1.050047552779762583e+00
1.049900525991332545e+00
1.049752519983255139e+00
1.049603983551005149e+00
1.049455248357678450e+00
1.049305362203769132e+00
1.049155499423567006e+00
1.049004737530249365e+00
1.048853330143761253e+00
1.048700546245489473e+00
1.048548161418597191e+00
1.048400420355381391e+00
1.048253388750141069e+00
1.048104615895040892e+00
1.047957781278399114e+00
1.047809380203930330e+00
1.047661112741825606e+00
1.047513566353515779e+00
1.047364451586066947e+00
1.047215851581392299e+00
1.047067024997208717e+00
1.046916891927650362e+00
1.046767716422388750e+00
1.046617373009760765e+00
1.046467338515683743e+00
1.046317327726808077e+00
1.046166089781093378e+00
1.046014678450503776e+00
1.045862704987328584e+00
1.045710828780424428e+00
1.045559151422543742e+00
1.045406134544899945e+00
1.045253631584382337e+00
1.045100805931400867e+00
1.044946880205543049e+00
1.044793765888968551e+00
1.044640027389550196e+00
1.044484262298383426e+00
1.044330143216830598e+00
1.044174739663808360e+00
1.044020099514330724e+00
1.043863444138612318e+00
1.043707364909555846e+00
1.043551893011272602e+00
1.043393863092438423e+00
1.043236886417884035e+00
1.043079744524030517e+00
1.042921017385437077e+00
1.042763155074011516e+00
1.042603482413147153e+00
1.042443899275949271e+00
1.042284288685638716e+00
1.042124700082173172e+00
1.041963881318127116e+00
1.041803075184677851e+00
1.041642185907129647e+00
1.041480547906483700e+00
1.041318587910188054e+00
1.041155271257920401e+00
1.040992760798979955e+00
1.040829711547335501e+00
1.040665058676713883e+00
1.040500790034660561e+00
1.040336467555280864e+00
1.040169995513421597e+00
1.040004398913302541e+00
1.039837687871058458e+00
1.039671677593529742e+00
1.039503199796685928e+00
1.039335133898008579e+00
1.039166089158534145e+00
1.038996718127518815e+00
1.038827600946464758e+00
1.038657208717841618e+00
1.038486865888584409e+00
1.038315925193045386e+00
1.038144583761891671e+00
1.037973525521298068e+00
1.037799857232514000e+00
1.037627589512504667e+00
1.037453226060576661e+00
1.037279524324727920e+00
1.037105231636614056e+00
1.036930505239383793e+00
1.036755061969537373e+00
1.036578220241653359e+00
1.036400647468094904e+00
1.036223071054868106e+00
1.036044711057555689e+00
1.035866013031109700e+00
1.035686740417376628e+00
1.035505933128646250e+00
1.035325941680393935e+00
1.035143714521821634e+00
1.034961839281303808e+00
1.034779426621413867e+00
1.034597296225254093e+00
1.034413343133196328e+00
1.034228952327033602e+00
1.034044206105217079e+00
1.033858927003466377e+00
1.033672782709227578e+00
1.033487200060481115e+00
1.033298784457529873e+00
1.033111985104152142e+00
1.032923476574647115e+00
1.032735201910752965e+00
1.032545134588373381e+00
1.032354911369116834e+00
1.032163482445416447e+00
1.031972943522130315e+00
1.031779644850684408e+00
1.031587300956279707e+00
1.031393301161563691e+00
1.031198716618255462e+00
1.031004425758306420e+00
1.030809067826043535e+00
1.030613448771247276e+00
1.030417050232066423e+00
1.030219197063533709e+00
1.030020528548381220e+00
1.029822464109948710e+00
1.029623237040992567e+00
1.029422223239851331e+00
1.029221840386736808e+00
1.029019455621261514e+00
1.028818311617408332e+00
1.028614574972180451e+00
1.028411353143848128e+00
1.028208663498636266e+00
1.028002872822077807e+00
1.027797504861213795e+00
1.027590438616166946e+00
1.027383199209496167e+00
1.027174522208204044e+00
1.026964543646590622e+00
1.026754671758382642e+00
1.026543507902882402e+00
1.026331975405795793e+00
1.026118549773725741e+00
1.025905258562459288e+00
1.025691208493850981e+00
1.025475233517577411e+00
1.025257934047012043e+00
1.025040952445334774e+00
1.024823688613753392e+00
1.024604590497515622e+00
1.024384225857839059e+00
1.024163895953994485e+00
1.023942082418458410e+00
1.023720139840439192e+00
1.023496182976539659e+00
1.023273744618850012e+00
1.023048416526774584e+00
1.022823643227060764e+00
1.022597269934508057e+00
1.022371099401254924e+00
1.022143590518615142e+00
1.021914620660881790e+00
1.021685131866256313e+00
1.021453263154670443e+00
1.021223721578087273e+00
1.020989392545340824e+00
1.020755202855068600e+00
1.020520204820140941e+00
1.020282595076170473e+00
1.020047010516790253e+00
1.019807659614289763e+00
1.019567293129283403e+00
1.019325913558123409e+00
1.019083467892218708e+00
1.018839321276649112e+00
1.018594711932710561e+00
1.018347636794578515e+00
1.018100129753633620e+00
1.017851556607796137e+00
1.017600816736210056e+00
1.017351802930030358e+00
1.017098946344310528e+00
1.016846106438149322e+00
1.016589843660591352e+00
1.016334432430147094e+00
1.016077354603637461e+00
1.015818463532190297e+00
1.015559795180715152e+00
1.015299986936496479e+00
1.015037935360979526e+00
1.014774783414917891e+00
1.014509378547910901e+00
1.014244392269836537e+00
1.013976792939830451e+00
1.013709754122148476e+00
1.013440640328129527e+00
1.013171811432879377e+00
1.012902428590915171e+00
1.012628672782019512e+00
1.012356849163508432e+00
1.012082290638589788e+00
1.011807831534800250e+00
1.011530105848871486e+00
1.011252622089269027e+00
1.010970936433917666e+00
1.010690508612127392e+00
1.010409246812403294e+00
1.010123448720700035e+00
1.009840775406135371e+00
1.009557841740268191e+00
1.009270174611163418e+00
1.008983647851747545e+00
1.008694011936000390e+00
1.008405658783513958e+00
1.008115772718360725e+00
1.007825517832343198e+00
1.007533299010319849e+00
1.007237218462861295e+00
1.006943303257671785e+00
1.006645473751427211e+00
1.006348928503548734e+00
1.006049378824372065e+00
1.005749424898450650e+00
