1.099927201646389463e+00
1.099919505939534581e+00
1.099911775256683377e+00
1.099904069895912384e+00
1.099896350267370426e+00
1.099888651583834864e+00
1.099880973405569007e+00
1.099873297087728519e+00
1.099865649325725503e+00
1.099857942868994742e+00
1.099850312331147606e+00
1.099842631128844950e+00
1.099834999704758731e+00
1.099827368693348850e+00
1.099819744311818059e+00
1.099812113550719950e+00
1.099804498701332012e+00
1.099796880076972183e+00
1.099789269151390414e+00
1.099781668224749209e+00
1.099774075517805372e+00
1.099766467453896057e+00
1.099758899033959292e+00
1.099751320040041280e+00
1.099743723686663843e+00
1.099736122563832241e+00
1.099728539395796512e+00
1.099720978796411064e+00
1.099713427005293953e+00
1.099705879902448613e+00
1.099698340823110465e+00
1.099690828418888655e+00
1.099683265377272123e+00
1.099675731405647117e+00
1.099668212493319253e+00
1.099660733407623825e+00
1.099653226476435153e+00
1.099645732324677105e+00
1.099638257068075387e+00
1.099630762205973111e+00
1.099623291779711742e+00
1.099615809521145460e+00
1.099608359052174134e+00
1.099600915023656977e+00
1.099593465630349653e+00
1.099586033447667921e+00
1.099578572736209292e+00
1.099571129546574877e+00
1.099563649540814536e+00
1.099556218440562061e+00
1.099548795715606042e+00
1.099541355746198601e+00
1.099533946328357770e+00
1.099526497462734786e+00
1.099519113143722526e+00
1.099511687272956673e+00
1.099504268891248193e+00
1.099496887907471132e+00
1.099489493136251328e+00
1.099482071250178272e+00
1.099474722820461992e+00
1.099467367808222518e+00
1.099459979024189682e+00
1.099452614141548379e+00
1.099445249962486049e+00
1.099437903690863028e+00
1.099430564874471772e+00
1.099423231869372852e+00
1.099415874002226179e+00
1.099408564397895027e+00
1.099401251302729587e+00
1.099393926294076840e+00
1.099386633237383393e+00
1.099379313918249501e+00
1.099372014556405430e+00
1.099364722710679754e+00
1.099357396403111808e+00
1.099350118967225898e+00
1.099342804126643092e+00
1.099335524830331812e+00
1.099328237381975049e+00
1.099320989009315408e+00
1.099313692353544480e+00
1.099306441531888501e+00
1.099299210315732633e+00
1.099291953425707513e+00
1.099284694682022279e+00
1.099277443204143445e+00
1.099270221161575689e+00
1.099262999511388728e+00
1.099255785593806101e+00
1.099248548918147605e+00
1.099241313358744421e+00
1.099234104927724998e+00
1.099226897538543746e+00
1.099219691001775523e+00
1.099212475812338496e+00
1.099205262665986504e+00
1.099198067264709477e+00
1.099190843699975773e+00
1.099183687083493011e+00
1.099176512999307631e+00
1.099169304290915639e+00
1.099162156530057333e+00
1.099154977845547609e+00
1.099147789683016407e+00
1.099140642165704618e+00
1.099133477370115575e+00
1.099126336584161034e+00
1.099119205952746148e+00
1.099112066925739040e+00
1.099104900567392740e+00
1.099097770734269286e+00
1.099090652956701941e+00
1.099083553100104416e+00
1.099076427691410673e+00
1.099069330134975431e+00
1.099062233823333790e+00
1.099055114584487125e+00
1.099048055975210270e+00
1.099040944286307608e+00
1.099033853684480588e+00
1.099026784399744994e+00
1.099019692377229296e+00
1.099012587859420798e+00
1.099005511687728864e+00
1.098998443728969265e+00
1.098991380749384073e+00
1.098984293232480480e+00
1.098977212690480432e+00
1.098970156516669405e+00
1.098963102528012659e+00
1.098956055852518654e+00
1.098948998785703512e+00
1.098941952184626647e+00
1.098934910102691731e+00
1.098927886550593369e+00
1.098920879519071692e+00
1.098913856535248534e+00
1.098906839004162972e+00
1.098899837100649979e+00
1.098892847367701098e+00
1.098885833151555191e+00
1.098878828832871912e+00
1.098871851141948852e+00
1.098864877726621669e+00
1.098857894562665471e+00
1.098850912481138753e+00
1.098843975611329959e+00
1.098836992961527814e+00
1.098830050875762909e+00
1.098823103776997545e+00
1.098816151117251616e+00
1.098809228474622479e+00
1.098802285888234032e+00
1.098795349674648092e+00
1.098788422675241350e+00
1.098781496677081471e+00
1.098774601027532771e+00
1.098767699884655391e+00
1.098760796089826242e+00
1.098753887079040981e+00
1.098746988188969542e+00
1.098740087945861310e+00
1.098733212098003120e+00
1.098726286532815122e+00
1.098719417950763555e+00
1.098712523613660119e+00
1.098705647312534728e+00
1.098698766837291396e+00
1.098691885049602579e+00
1.098685014634186219e+00
1.098678138806623572e+00
1.098671297156765370e+00
1.098664475998646584e+00
1.098657614797409643e+00
1.098650790852035319e+00
1.098643969037693680e+00
1.098637169453743345e+00
1.098630358768127868e+00
1.098623550517977998e+00
1.098616746184869264e+00
1.098609972112424060e+00
1.098603152462941157e+00
1.098596381867799954e+00
1.098589592654875213e+00
1.098582828358119379e+00
1.098576063926059776e+00
1.098569317888532959e+00
1.098562559240704894e+00
1.098555802838917739e+00
1.098549051578669555e+00
1.098542297720591199e+00
1.098535559936587580e+00
1.098528818113769567e+00
1.098522080262114065e+00
1.098515360581740152e+00
1.098508608049637569e+00
1.098501908387440107e+00
1.098495207690169728e+00
1.098488461104663028e+00
1.098481756605359738e+00
1.098475044975553594e+00
1.098468341687218075e+00
1.098461627087496506e+00
1.098454945840127150e+00
1.098448238688872092e+00
1.098441562522155079e+00
1.098434867115257729e+00
1.098428185461977513e+00
1.098421513178475584e+00
1.098414833994487028e+00
1.098408165276236526e+00
1.098401539002744176e+00
1.098394862085092072e+00
1.098388228194003613e+00
1.098381594045838350e+00
1.098374935854212531e+00
1.098368310717271035e+00
1.098361688780260970e+00
1.098355071585644271e+00
1.098348439554981182e+00
1.098341813964772262e+00
1.098335230474297264e+00
1.098328614172684681e+00
1.098322022178374491e+00
1.098315421937306358e+00
1.098308836166964619e+00
1.098302241419224945e+00
1.098295659525333257e+00
1.098289086723847285e+00
1.098282509599409318e+00
1.098275928882659347e+00
1.098269355600845376e+00
1.098262794164866829e+00
1.098256243052557535e+00
1.098249723364523200e+00
1.098243147931381225e+00
1.098236605099655927e+00
1.098230045943544120e+00
1.098223506643244196e+00
1.098216993517437512e+00
1.098210459406033124e+00
1.098203936923978441e+00
1.098197446610368555e+00
1.098190961864504489e+00
1.098184443184482495e+00
1.098177960447877854e+00
1.098171475471997560e+00
1.098164974665589044e+00
1.098158501271701892e+00
1.098152029183495193e+00
1.098145561052920716e+00
1.098139114963312180e+00
1.098132665538468444e+00
1.098126191846913402e+00
1.098119763732396281e+00
1.098113307346179290e+00
1.098106891801372109e+00
1.098100429001761524e+00
1.098094015378266342e+00
1.098087575093184887e+00
1.098081153940041021e+00
1.098074739355889617e+00
1.098068328228746893e+00
1.098061911324137885e+00
1.098055529280516973e+00
1.098049125730379050e+00
1.098042732598623061e+00
1.098036308543215656e+00
1.098029925173618748e+00
1.098023527759502072e+00
1.098017149477322763e+00
1.098010756304975688e+00
1.098004380735634777e+00
1.097998013392756267e+00
1.097991639595893298e+00
1.097985306518666881e+00
1.097978923169365517e+00
1.097972576751198082e+00
1.097966215064012596e+00
1.097959872299044015e+00
1.097953538937679774e+00
1.097947193331334503e+00
1.097940867729635173e+00
1.097934538346198474e+00
1.097928226626654791e+00
1.097921912816669288e+00
1.097915576248608360e+00
1.097909280434009816e+00
1.097902981162402813e+00
1.097896701645129980e+00
1.097890395696287325e+00
1.097884079044925132e+00
1.097877774239398141e+00
1.097871493761469530e+00
1.097865226069736577e+00
1.097858921643060093e+00
1.097852688717602554e+00
1.097846405716260687e+00
1.097840162663324293e+00
1.097833884559974660e+00
1.097827662580583397e+00
1.097821375912512165e+00
1.097815136404531655e+00
1.097808884218598235e+00
1.097802665364721264e+00
1.097796427723931378e+00
1.097790188236246411e+00
1.097783951366687161e+00
1.097777742105839893e+00
1.097771517088881321e+00
1.097765348946816211e+00
1.097759121277905869e+00
1.097752927218424768e+00
1.097746709257551911e+00
1.097740535568036746e+00
1.097734325089456453e+00
1.097728170694243222e+00
1.097721996585286686e+00
1.097715843150729453e+00
1.097709669481509831e+00
1.097703502733072378e+00
1.097697346842753774e+00
1.097691149793061705e+00
1.097685021836183550e+00
1.097678885625782197e+00
1.097672729458091023e+00
1.097666618278866579e+00
1.097660472164237344e+00
1.097654344843286500e+00
1.097648208139026638e+00
1.097642052384011802e+00
1.097635954173643125e+00
1.097629833800535248e+00
1.097623704504150810e+00
1.097617608593944638e+00
1.097611501561777558e+00
1.097605377589592202e+00
1.097599278526810496e+00
1.097593171697598846e+00
1.097587078209328215e+00
1.097580990911199761e+00
1.097574903464237472e+00
1.097568839891605919e+00
1.097562740483799981e+00
1.097556677080298027e+00
1.097550585175080196e+00
1.097544544942329781e+00
1.097538473650624624e+00
1.097532400356425075e+00
1.097526351308641290e+00
1.097520294947694763e+00
1.097514211681615670e+00
1.097508171827715540e+00
1.097502099446815871e+00
1.097496054126647858e+00
1.097490011877873206e+00
1.097483970623580385e+00
1.097477950963751558e+00
1.097471936134263526e+00
1.097465915912924528e+00
1.097459872378764967e+00
1.097453879272279442e+00
1.097447890427859285e+00
1.097441884413404622e+00
1.097435884156120700e+00
1.097429880813913350e+00
1.097423866850368634e+00
1.097417877167065958e+00
1.097411873134809923e+00
1.097405879635943826e+00
1.097399879040400705e+00
1.097393884438809808e+00
1.097387911912010905e+00
1.097381897914640358e+00
1.097375895269246726e+00
1.097369936259283696e+00
1.097363927105784009e+00
1.097357956831791270e+00
1.097351962216669863e+00
1.097346023691680772e+00
1.097340063078369177e+00
1.097334114162059171e+00
1.097328166402595118e+00
1.097322212865665003e+00
1.097316281464413734e+00
1.097310333704949681e+00
1.097304415982898407e+00
1.097298516249468614e+00
1.097292615440374819e+00
1.097286697136517608e+00
1.097280799189096046e+00
1.097274888042802710e+00
1.097268980948853612e+00
1.097263071730637307e+00
1.097257193618732307e+00
1.097251292241363085e+00
1.097245409603550881e+00
1.097239539440735934e+00
1.097233637806289686e+00
1.097227771729645251e+00
1.097221896073501624e+00
1.097216012556215592e+00
1.097210153677725897e+00
1.097204297241467286e+00
1.097198459179445695e+00
1.097192628647072787e+00
1.097186755927018531e+00
1.097180902257719914e+00
1.097175071075889408e+00
1.097169235408742560e+00
1.097163391799270915e+00
1.097157534287348080e+00
1.097151706927846027e+00
1.097145870550354951e+00
1.097140040748621814e+00
1.097134233488478383e+00
1.097128407509073478e+00
1.097122615443531179e+00
1.097116765278597139e+00
1.097110984673274725e+00
1.097105190564646948e+00
1.097099375943984434e+00
1.097093591509568311e+00
1.097087797380645213e+00
1.097082013717459947e+00
1.097076180729325667e+00
1.097070408276048736e+00
1.097064607043683360e+00
1.097058843709872944e+00
1.097053058057724018e+00
1.097047281937717944e+00
1.097041523988993461e+00
1.097035761433179157e+00
1.097030045401528486e+00
1.097024289015561038e+00
1.097018530099415301e+00
1.097012792047094010e+00
1.097007070988912147e+00
1.097001325907565716e+00
1.096995612629344308e+00
1.096989869881985991e+00
1.096984159681922977e+00
1.096978456382346589e+00
1.096972725758196265e+00
1.096967030705377821e+00
1.096961294263170128e+00
1.096955610054940022e+00
1.096949919906879511e+00
1.096944214726582212e+00
1.096938534956312328e+00
1.096932863108071698e+00
1.096927204140739409e+00
1.096921540688091001e+00
1.096915860802812892e+00
1.096910218484596244e+00
1.096904558955753783e+00
1.096898904954065834e+00
1.096893278676097871e+00
1.096887621440652660e+00
1.096881950925153060e+00
1.096876309878790590e+00
1.096870658414046407e+00
1.096865014275995254e+00
1.096859368913446042e+00
1.096853722312868262e+00
1.096848086015664414e+00
1.096842448825456229e+00
1.096836833365015806e+00
1.096831194618815619e+00
1.096825550859614751e+00
1.096819932841935241e+00
1.096814297343022826e+00
1.096808690251114049e+00
1.096803082489451908e+00
1.096797495821630219e+00
1.096791892653527389e+00
1.096786306337495409e+00
1.096780721908949374e+00
1.096775128070033967e+00
1.096769531017656618e+00
1.096763957954618007e+00
1.096758373444889800e+00
1.096752808831565007e+00
1.096747256909723189e+00
1.096741691816070174e+00
1.096736150698225831e+00
1.096730623056626053e+00
1.096725070498857146e+00
1.096719519355011441e+00
1.096713986977783550e+00
1.096708429251414874e+00
1.096702904255001387e+00
1.096697372101024470e+00
1.096691858605422176e+00
1.096686310133823783e+00
1.096680823468937360e+00
1.096675279543541937e+00
1.096669774822382148e+00
