1.097559797649492852e+00
1.096960373684128909e+00
1.096396206469941959e+00
1.095851164333368821e+00
1.095314790385175652e+00
1.094749978171676963e+00
1.094128001839637987e+00
1.093446884988202861e+00
1.092745394842300266e+00
1.092015808729056348e+00
1.091297780951254293e+00
1.090659185899832240e+00
1.090130710160716720e+00
1.089723985207743162e+00
1.089420366406298690e+00
1.089186212124994224e+00
1.088992513272678542e+00
1.088829038220416434e+00
1.088689730762860242e+00
1.088568994760932718e+00
1.088461395526648001e+00
1.088358681667785266e+00
1.088262900436961722e+00
1.088172979275299879e+00
1.088081762899058225e+00
1.087995101919672747e+00
1.087910454617301070e+00
1.087829108778352483e+00
1.087748062420524686e+00
1.087669469713386627e+00
1.087592143577043924e+00
1.087514535921141334e+00
1.087435862451248791e+00
1.087361444166452085e+00
1.087284510552791739e+00
1.087208770385063694e+00
1.087135205399563098e+00
1.087058894304511858e+00
1.086987771922157453e+00
1.086910377132737748e+00
1.086835288553609669e+00
1.086762173168640766e+00
1.086686388878389087e+00
1.086610820952220058e+00
1.086531005593855070e+00
1.086455576069799811e+00
1.086374418343529547e+00
1.086293424923258533e+00
1.086211135320986454e+00
1.086131177332268605e+00
1.086046316128341127e+00
1.085960262472963400e+00
1.085875286511236659e+00
1.085787707550640357e+00
1.085696769304601794e+00
1.085600239844539017e+00
1.085503041341703723e+00
1.085408902764963157e+00
1.085302702888485404e+00
1.085195628828591330e+00
1.085090149910900248e+00
1.084980469469544850e+00
1.084860039964232969e+00
1.084736646354878431e+00
1.084610421550266546e+00
1.084479830990408011e+00
1.084346837072230008e+00
1.084201425160041588e+00
1.084045827615397029e+00
1.083889764078182605e+00
1.083723089337910395e+00
1.083539539213977720e+00
1.083350902903696289e+00
1.083147905259998156e+00
1.082932048687957227e+00
1.082696995131172901e+00
1.082449521977029594e+00
1.082184259354760369e+00
1.081899804557792555e+00
1.081597075804118457e+00
1.081268731016528539e+00
1.080920123937593846e+00
1.080574407939316695e+00
1.080186856509432136e+00
1.079818883769446236e+00
1.079411613840391304e+00
1.079013489721636132e+00
1.078660187409512750e+00
1.078297434914741837e+00
1.077960983692507035e+00
1.077661032621492820e+00
1.077367346427895445e+00
1.077116369220159298e+00
1.076852347799248877e+00
1.076645038352638473e+00
1.076386281441535475e+00
1.076117491594921427e+00
1.075712090101166751e+00
1.075233583363452539e+00
1.074813742364591596e+00
1.074497924761065537e+00
1.074222157697091395e+00
1.073908639816046895e+00
1.073566652827227408e+00
1.073424985064976411e+00
1.073003021077274743e+00
1.072923237143184716e+00
1.072510090563504326e+00
1.072313965391838098e+00
1.072016656929840162e+00
1.071763025111653000e+00
1.071538223019320668e+00
1.071168037502985282e+00
1.070750280133130339e+00
1.070672476665771145e+00
1.070295465499235377e+00
1.069916924548929726e+00
1.069677526499869025e+00
1.069326926918943377e+00
1.068981986156515740e+00
1.068605733887912912e+00
1.068196257203521293e+00
1.067705097327565911e+00
1.067354571818628806e+00
1.066834191967237944e+00
1.066362660586458455e+00
1.065870036670781618e+00
1.065382643973446397e+00
1.064756996616333051e+00
1.064380981311794816e+00
1.063750700575560870e+00
1.063189203700875218e+00
1.062686050109361124e+00
1.062108749571009536e+00
1.061518537315592425e+00
1.060911989328397365e+00
1.060308195481025173e+00
1.059722355935462712e+00
1.058991882514347393e+00
1.058434376461701687e+00
1.057891017780030030e+00
1.057373380858554146e+00
1.056454896879523542e+00
1.056209221288623601e+00
1.055325117841033888e+00
1.054835589145411312e+00
1.053960416530901112e+00
8.395507224307928951e+00
9.612681722026712450e+00
9.612681833625170924e+00
9.612681649774557968e+00
9.612681683816958866e+00
9.612681767164014346e+00
9.612681780369650042e+00
9.612681758666942855e+00
