3.469156121738814491e-01
3.520231542147002068e-01
3.546904262484462667e-01
3.597979681928611950e-01
3.675727825312681829e-01
3.738720846002958620e-01
3.815901480459962802e-01
3.877759492107758499e-01
3.922024857297021216e-01
3.990125417486099502e-01
4.051415925737366641e-01
4.112138924774047521e-01
4.134839113014631140e-01
4.150161737109223647e-01
4.165484365229100150e-01
4.185347030702808446e-01
4.204642189245179074e-01
4.212587255079490167e-01
4.220532319019549838e-01
4.233017423340860175e-01
4.236989953475834292e-01
4.250610066839625723e-01
4.248340048078145248e-01
4.273310253794824765e-01
4.272742750076949925e-01
4.285795356441752246e-01
4.310198057442692354e-01
4.328358209581003035e-01
4.340275808543881952e-01
4.360138472732205117e-01
4.374326088816006819e-01
4.394756257686243672e-01
4.416321433315712475e-01
4.428239033919147416e-01
4.457181770058321058e-01
4.488394529880646022e-01
4.521309802429500646e-01
4.563872651577293715e-01
4.600760457897408173e-01
4.624028148215310052e-01
4.682481131771624172e-01
4.729016515688541644e-01
4.797117077518176509e-01
4.852732536345711889e-01
4.888485330342231538e-01
4.942398273449643553e-01
5.013903863049413712e-01
5.076329378736431641e-01
5.110947165618546784e-01
5.186992794348009861e-01
5.260768398396455936e-01
5.356676692954799313e-01
5.445207422047939616e-01
5.517280516617144581e-01
5.615458828550105030e-01
5.659156689091279224e-01
5.708529596417765140e-01
5.777197658328989682e-01
5.757334997743126515e-01
5.851540776902691698e-01
5.891266102065875199e-01
5.937233979947842410e-01
5.955961633165607338e-01
5.987174391922416294e-01
6.023494695522519926e-01
6.045059872116026467e-01
6.070597583444832246e-01
6.041654846020274583e-01
6.132455591202647938e-01
6.160830823302601011e-01
6.191476079440876301e-01
6.227228871830664536e-01
6.164235854675196302e-01
6.283411839906611895e-01
6.342999830154506524e-01
6.365700014149937580e-01
6.270359227588448991e-01
6.423017987699731757e-01
6.447420694265034724e-01
6.465580839485945974e-01
6.474660915073082723e-01
6.509278701346332685e-01
6.513251236081630813e-01
6.525736336411482874e-01
6.550139039086805282e-01
6.570569206316485555e-01
6.435503095268330087e-01
6.589864366211892754e-01
6.653992396519691210e-01
6.659667444015345827e-01
6.677827594479274209e-01
6.698825266390867617e-01
6.710742866706783660e-01
6.736848082040983732e-01
6.754440726537613848e-01
6.774303387123477016e-01
6.786220986120181653e-01
6.800976106530725040e-01
6.805516142024131687e-01
6.829918846593704407e-01
6.580216785266325141e-01
6.816298732299700402e-01
6.894046873721867419e-01
6.911639518218497535e-01
6.923557117857894738e-01
6.926394645833960917e-01
6.943419781691044790e-01
6.955337383968863696e-01
6.964984957641859875e-01
6.986550142116805251e-01
6.998467733874763619e-01
7.005845296092677588e-01
7.024005444560876832e-01
7.038193066242868223e-01
7.042165598305919483e-01
7.063730776286288870e-01
7.071108337083513717e-01
7.085863458847094787e-01
7.104591115345972874e-01
7.113103685540851373e-01
7.118778731006951688e-01
7.134101355490541918e-01
7.092673517634653368e-01
7.163611600911953259e-01
7.165314112353099452e-01
7.181204245408583375e-01
7.193689344486877690e-01
7.213552014916081445e-01
7.207309462129647404e-01
7.212417005552254068e-01
7.245899777184833246e-01
7.175529198589447599e-01
7.264627429759906718e-01
7.270869983831725891e-01
7.276545033289283371e-01
7.284490095554960742e-01
7.299812720038550973e-01
7.300380226648541804e-01
7.326485444621163579e-01
7.314000337695257814e-01
7.340105554416321842e-01
7.356563188196088010e-01
7.365643266387819077e-01
7.330457972794235388e-01
7.370750809844253126e-01
7.401396063952973003e-01
7.397991030618474850e-01
7.408773624175157835e-01
7.239089723640291796e-01
7.436581354231618368e-01
7.452471482720604001e-01
7.462686568314260693e-01
7.470631632541839817e-01
7.482549228900123861e-01
7.491061803018808085e-01
7.497871856631002085e-01
7.508654443625457642e-01
7.487089271564623116e-01
7.521707056518661672e-01
7.524544574719039813e-01
7.538732191733054089e-01
7.353158162709201306e-01
7.536462173039225609e-01
7.586970092334133220e-01
7.582997562841852224e-01
7.596617669288243668e-01
7.607400261525716356e-01
7.611940299014851030e-01
7.618182849162864478e-01
7.610805287012603060e-01
7.628965436191146310e-01
7.645423076533139906e-01
7.653935645476459548e-01
7.657908176930644517e-01
7.658475678974137058e-01
7.644855571208534206e-01
7.665853244439337910e-01
7.677770838869544257e-01
7.687418420390152995e-01
7.684580898976314245e-01
7.694795980578511552e-01
7.696498494658078338e-01
7.711821122388957672e-01
7.481414218859777643e-01
7.537029682287637034e-01
7.740196356484638773e-01
7.751546451442121732e-01
7.757789000304750049e-01
7.766869079781866247e-01
7.764031555763432069e-01
7.779354180855889700e-01
7.774246634761035057e-01
7.781056692905901073e-01
7.794676805914521056e-01
7.804324384221666966e-01
7.749276430076045274e-01
7.812269449125766041e-01
7.821349527283671943e-01
7.820214513962212566e-01
7.827024572174731132e-01
7.827592076180126535e-01
7.835537139765014203e-01
7.845752229925168075e-01
7.810566939612697546e-01
7.841779692585274519e-01
7.859372342967613223e-01
7.863912378461019870e-01
7.864479879185301003e-01
7.874694964170090294e-01
7.879802504954276365e-01
7.881505024919552849e-01
7.869019921240935078e-01
7.891152604478258725e-01
