1.097273235491256882e+00
1.092385574283126770e+00
1.089275468871268915e+00
1.086671772822302096e+00
1.084016110486958784e+00
1.080243028676250772e+00
1.077902430093327091e+00
1.074726741143857689e+00
1.078003349419748513e+00
1.063216071307175437e+00
1.065895110657940181e+00
1.059634784179786182e+00
1.055661102962456077e+00
1.088428190357805025e+00
1.089732992223548358e+00
1.088524425234739690e+00
1.087789156530144297e+00
1.087324107649188187e+00
1.087016932566938099e+00
1.086785835972452485e+00
1.086598496432743088e+00
1.086420241376949258e+00
