3.158163555407454970e-01
3.153056014234271176e-01
3.180863742328828292e-01
3.206968958982239770e-01
3.229669144009361115e-01
3.247829295437328345e-01
3.293797174672332129e-01
3.310822313201663425e-01
3.335225015166641827e-01
3.364735258626150305e-01
3.388570455943040738e-01
3.416945690038722394e-01
3.448725952513405635e-01
3.465183588001380377e-01
3.480506214768220308e-01
3.513421486961902929e-01
3.545769253154461564e-01
3.559956868561745535e-01
3.572441970921152454e-01
3.601384711660650662e-01
3.618409851830539092e-01
3.630894953158256278e-01
3.653027637393444493e-01
3.680835366164519895e-01
3.695590489856176997e-01
3.713750638358202516e-01
3.738153338716449503e-01
3.751773453653146073e-01
3.765393563448303782e-01
3.784688724848964680e-01
3.796606322915456189e-01
3.815333976454567400e-01
3.826116565089580090e-01
3.838034164407630455e-01
3.851654276384559594e-01
3.863571875059917948e-01
3.855059303833349160e-01
3.856194312554483972e-01
3.865274388107794445e-01
3.872084444578278162e-01
3.883434537286337696e-01
3.884002044217674809e-01
3.888542078747042052e-01
3.894784631533476649e-01
3.903297203470389998e-01
3.914079790109673551e-01
3.908404745928958923e-01
3.912944781101018732e-01
3.924294875026811402e-01
3.937347483708689144e-01
3.937914987747910267e-01
3.943022531491864324e-01
3.952670108513626213e-01
3.961182678674678992e-01
3.971965267986209969e-01
3.979342830812989673e-01
3.981045342896827877e-01
3.990692923842396045e-01
3.996367970915226664e-01
3.990692923808570325e-01
4.000908007761669327e-01
3.996935475343446065e-01
3.998637987359631718e-01
3.999772996435938532e-01
4.002610520166853258e-01
4.005448045216978281e-01
4.011690597039374029e-01
4.007150557977334215e-01
4.007718064587325046e-01
4.004880541820449169e-01
4.008853073308459858e-01
4.011123090395557478e-01
4.013960616088375066e-01
4.012258099404212852e-01
4.015663127495694429e-01
4.012258100402077421e-01
4.013960614769164215e-01
4.015095623524124746e-01
4.015663127850866432e-01
4.016230633141646411e-01
4.020203166270214235e-01
4.020770671628646209e-01
4.021338175634041612e-01
4.021905680315954745e-01
4.024175697724398648e-01
4.024175698113396926e-01
4.024743205078559760e-01
4.025310708694956885e-01
4.024175700007647793e-01
4.027013222453177388e-01
4.027013222808349946e-01
4.026445716841051126e-01
4.025878213089350566e-01
4.027580728775648211e-01
4.029850745220053265e-01
4.029283242500042994e-01
4.029283241569829865e-01
4.029283241789698433e-01
4.030985755903091494e-01
4.030418251221177806e-01
4.030985756867129788e-01
4.030418249259274388e-01
4.031553259231968056e-01
4.032688271301868577e-01
4.030985756224437222e-01
4.030985754939052645e-01
4.030985756511957785e-01
4.030418249901966954e-01
4.032120764911746313e-01
4.030985755226573208e-01
4.030985756224437222e-01
4.033255773311534842e-01
4.032688267953103423e-01
4.033255775239611984e-01
4.033255775341090255e-01
4.033255775560958267e-01
4.033823277672102803e-01
4.033823278669966816e-01
4.033255774563093699e-01
4.033255773988053683e-01
4.032120764945572589e-01
4.031553259908486342e-01
4.032688269627485722e-01
4.032688270946696574e-01
4.033823279955351948e-01
4.033823278957487379e-01
4.032688269593660002e-01
4.033255774664571969e-01
4.034390784315919354e-01
4.033823277993448531e-01
4.033823279312659382e-01
4.033823277316930245e-01
4.034390782032670209e-01
4.035525791430323306e-01
4.035525792715707882e-01
4.036093299359524433e-01
4.036093296365931282e-01
4.036093297397621571e-01
4.036660803720091839e-01
4.037228308046833525e-01
4.036660802367055267e-01
4.036093299038178150e-01
4.036093297397621571e-01
4.036093297718967854e-01
4.036093296365931282e-01
4.036093299359524433e-01
4.036093296721103285e-01
4.035525791362671311e-01
4.035525793713572451e-01
4.035525793967266739e-01
4.035525791430323306e-01
4.035525794322438742e-01
4.035525792681882162e-01
4.035525794001092459e-01
4.035525793358400448e-01
4.034958288710312480e-01
4.034958288676486760e-01
4.034958286714583342e-01
4.034958289961871336e-01
4.035525792681882162e-01
4.036093296044584999e-01
4.037228308723351811e-01
4.037228307082795231e-01
4.037228306084930662e-01
4.037228306761448948e-01
4.037228307404140959e-01
4.037228305442238097e-01
4.037228307082795231e-01
4.037228305442238097e-01
4.037228308723351811e-01
4.037228308080659245e-01
4.037228306118756382e-01
4.037228305729758104e-01
4.037228308689526091e-01
4.037228306406276945e-01
4.037228307048968956e-01
4.037228305763584379e-01
4.037228305729758104e-01
4.037228305476063817e-01
4.037228306084930662e-01
4.037228306084930662e-01
4.037228308723351811e-01
4.037228306118756382e-01
4.037228305442238097e-01
4.037228308046833525e-01
4.037228308402005528e-01
4.037228308080659245e-01
4.037228306693796953e-01
4.037228307404140959e-01
4.037228307082795231e-01
4.037228305763584379e-01
4.037228307082795231e-01
4.037228305442238097e-01
4.037228308368179808e-01
4.037228306761448948e-01
4.037228305442238097e-01
4.037228307725487242e-01
4.037228306406276945e-01
4.037228306406276945e-01
4.037228306118756382e-01
4.037228307370315239e-01
4.036660804041438122e-01
4.036660804041438122e-01
4.036660801724363257e-01
4.036660802367055267e-01
4.036660802045708984e-01
4.036660801436842694e-01
4.036660801724363257e-01
4.036660802688401550e-01
4.036660801403016974e-01
4.036660803364919836e-01
4.036660803398746111e-01
4.036660801369190699e-01
4.036660802722227270e-01
4.036660803043573553e-01
4.036660800726498688e-01
4.036660803720091839e-01
4.036660802045708984e-01
4.036660804007612402e-01
4.036660801081670691e-01
4.036660802722227270e-01
4.036660802045708984e-01
4.036660804007612402e-01
4.036660803043573553e-01
4.036660801724363257e-01
4.036660802045708984e-01
4.036660803009747833e-01
4.036660802079535260e-01
4.036660801724363257e-01
4.036660802045708984e-01
4.036660800760324408e-01
4.036660803043573553e-01
4.036660803686266119e-01
4.036660803364919836e-01
4.036660804041438122e-01
4.036660803364919836e-01
4.036660803686266119e-01
4.036660802722227270e-01
4.036660803077399828e-01
4.036660804007612402e-01
4.036660804007612402e-01
4.036660803043573553e-01
4.036660802400881543e-01
4.036660801081670691e-01
4.036660802045708984e-01
4.036660803077399828e-01
4.036660804007612402e-01
4.036660803043573553e-01
4.036660803364919836e-01
4.036660802079535260e-01
4.036660803364919836e-01
4.036660801724363257e-01
4.036660801724363257e-01
4.036660801758188977e-01
4.036660803364919836e-01
4.036660803364919836e-01
4.036660801724363257e-01
4.036660803043573553e-01
4.036660802400881543e-01
4.036660802079535260e-01
4.036660801403016974e-01
4.036660803364919836e-01
4.036660800760324408e-01
4.036660802688401550e-01
4.036660803720091839e-01
4.036660804007612402e-01
4.036660802079535260e-01
4.036660802045708984e-01
4.036660804041438122e-01
4.036660801792014697e-01
4.036660801758188977e-01
4.036660801724363257e-01
4.036093296078410719e-01
4.036093298683006148e-01
4.036093298040314137e-01
4.036093296399757002e-01
4.036093297685141579e-01
4.036093299359524433e-01
4.036093298683006148e-01
4.036093298040314137e-01
4.036093299359524433e-01
4.036093296078410719e-01
4.036093296721103285e-01
4.036093299359524433e-01
4.036093299038178150e-01
4.036093298683006148e-01
4.036093298683006148e-01
4.036093297076275288e-01
4.036093298327834145e-01
4.036093299004352430e-01
4.036093299325698713e-01
4.036093296078410719e-01
4.036093296433582722e-01
4.036093298716832423e-01
4.036093297397621571e-01
4.036093298006487862e-01
4.036093296078410719e-01
4.036093298006487862e-01
4.036093296078410719e-01
4.036093298683006148e-01
4.036093297076275288e-01
4.036093297685141579e-01
4.036093297042449568e-01
4.036093296721103285e-01
4.036093297718967854e-01
4.036093298327834145e-01
4.036093298074139857e-01
4.036093297076275288e-01
4.036093297685141579e-01
4.036093296721103285e-01
4.036093299038178150e-01
4.036093297718967854e-01
4.036093297397621571e-01
4.036093297076275288e-01
4.036093298395486140e-01
4.036093296399757002e-01
4.036093296754929005e-01
4.036093298683006148e-01
4.036093296721103285e-01
4.036093298361659865e-01
4.036093298361659865e-01
4.036093298361659865e-01
4.036093298750658143e-01
4.036093298716832423e-01
4.036093298006487862e-01
4.036093297685141579e-01
4.036093298683006148e-01
4.036093296010759279e-01
4.036093297042449568e-01
4.036093298683006148e-01
4.036093296078410719e-01
4.036093298361659865e-01
4.036093298683006148e-01
4.036093297363795851e-01
4.036093297363795851e-01
4.036093296399757002e-01
4.036093298361659865e-01
4.036093299359524433e-01
4.036093299325698713e-01
4.036093299004352430e-01
4.036093296365931282e-01
4.036093297363795851e-01
4.036093298683006148e-01
4.036093296687277565e-01
4.036093298361659865e-01
4.036093299325698713e-01
4.036093299038178150e-01
4.036093298327834145e-01
4.036093296399757002e-01
4.036093299291872993e-01
4.036093297363795851e-01
4.036093299004352430e-01
4.036093299038178150e-01
4.036093297042449568e-01
4.036093299393350708e-01
4.036093297685141579e-01
4.036093296078410719e-01
4.036093298649180428e-01
4.036093299325698713e-01
4.036093296399757002e-01
4.036093296721103285e-01
4.036093298361659865e-01
4.036093299325698713e-01
4.036093297972662142e-01
4.036093296687277565e-01
4.036093298716832423e-01
4.036093299004352430e-01
4.036093296721103285e-01
4.036093297076275288e-01
4.036093296399757002e-01
4.036093296078410719e-01
4.036093297363795851e-01
4.036093297718967854e-01
4.036093296721103285e-01
4.036093296399757002e-01
4.036093296078410719e-01
4.036093297363795851e-01
4.036093296112236994e-01
4.036093296078410719e-01
4.036093296399757002e-01
4.036093296078410719e-01
4.036093297685141579e-01
4.036093296399757002e-01
4.036093298361659865e-01
4.036093298040314137e-01
4.036093298040314137e-01
4.036093296399757002e-01
4.036093298294008425e-01
4.036093299004352430e-01
4.036093298683006148e-01
4.036093298361659865e-01
4.036093298361659865e-01
4.036093299359524433e-01
4.036093297397621571e-01
4.036093298361659865e-01
4.036093296365931282e-01
4.036093299004352430e-01
4.036093298970526710e-01
4.036093299004352430e-01
4.036093296399757002e-01
4.036093297076275288e-01
4.036093298649180428e-01
4.036093296754929005e-01
4.036093297363795851e-01
4.036093296721103285e-01
4.036093297042449568e-01
4.036093296721103285e-01
4.036093297076275288e-01
4.036093296365931282e-01
4.036093298327834145e-01
4.036093298327834145e-01
4.036093296078410719e-01
4.036093298716832423e-01
4.036093297042449568e-01
4.036093296399757002e-01
4.036093299004352430e-01
4.036093297685141579e-01
4.036093298006487862e-01
4.036093297397621571e-01
4.036093297397621571e-01
4.036093298395486140e-01
4.036093296044584999e-01
4.036093296399757002e-01
4.036093298649180428e-01
4.036093297397621571e-01
4.036093297076275288e-01
4.036093296146062714e-01
4.036093298361659865e-01
4.036093296754929005e-01
4.036093297718967854e-01
4.036093296754929005e-01
4.036093297397621571e-01
4.036093297718967854e-01
4.036093298006487862e-01
4.036093299004352430e-01
4.036093299038178150e-01
4.036093296721103285e-01
4.036093298361659865e-01
4.036093296044584999e-01
4.036093296433582722e-01
4.036093298683006148e-01
4.036093297718967854e-01
4.036093299004352430e-01
4.036093298683006148e-01
4.036093297076275288e-01
4.036093297076275288e-01
4.036093296399757002e-01
4.036093296078410719e-01
4.036093296044584999e-01
4.036093296399757002e-01
4.036093297397621571e-01
4.036093296399757002e-01
4.036093299325698713e-01
4.036093296399757002e-01
4.036093296399757002e-01
4.036093299004352430e-01
4.036093296399757002e-01
4.036093296433582722e-01
4.036093296044584999e-01
4.036093298970526710e-01
4.036093297431447291e-01
4.036093297363795851e-01
4.036093296721103285e-01
4.036093296721103285e-01
4.036093296078410719e-01
4.036093296721103285e-01
4.036093296078410719e-01
4.036093298970526710e-01
4.036093298327834145e-01
4.036093297363795851e-01
4.036093299359524433e-01
4.036093299393350708e-01
4.036093298683006148e-01
4.036093298683006148e-01
4.036093298040314137e-01
4.036093298683006148e-01
4.036093297718967854e-01
4.036093299325698713e-01
4.036093299004352430e-01
4.036093297718967854e-01
4.036093298395486140e-01
4.036093297042449568e-01
4.036093297685141579e-01
4.036093299325698713e-01
4.036093297718967854e-01
4.036093298361659865e-01
4.036093296365931282e-01
4.036093299004352430e-01
4.036093296433582722e-01
4.036093298361659865e-01
4.036093297363795851e-01
4.036093299038178150e-01
4.036093299038178150e-01
4.036093297685141579e-01
4.036093296721103285e-01
4.036093297397621571e-01
4.036093297042449568e-01
4.036093297685141579e-01
4.036093297363795851e-01
4.036093297042449568e-01
