1.101374104969970125e+00
1.097331433174159709e+00
1.094058550667204033e+00
1.091108903245713302e+00
1.088221334530244944e+00
1.085263918378513992e+00
1.082164821441554681e+00
1.078966158884525850e+00
1.075627356975683790e+00
1.072207547459981924e+00
1.068690999859504220e+00
1.065053878269700993e+00
1.061249446526578266e+00
1.057261778570778743e+00
1.053108662016768893e+00
1.048723938124017874e+00
1.044125186058173504e+00
1.039298154765066817e+00
1.034168722315507383e+00
1.028727078510869086e+00
1.023021152196613270e+00
1.016991798692755911e+00
1.010633774664512874e+00
1.003858660208597708e+00
9.967270317781756761e-01
9.890636036475991544e-01
9.809055818946385008e-01
9.721557389904411650e-01
9.628008014193377706e-01
9.525995587397431130e-01
9.416561337072349991e-01
9.294924105068157472e-01
9.160064373808696203e-01
9.018891558434187772e-01
8.882832685127667327e-01
8.764020523319490108e-01
8.624845957398841190e-01
8.533837564903087314e-01
8.421084214728939976e-01
8.304562944538117497e-01
8.207419579804778875e-01
8.107050110205815674e-01
7.984140302968358860e-01
7.874033141640851552e-01
7.751624052826699973e-01
7.631554529058169889e-01
7.529661895488544143e-01
7.415560754133904142e-01
7.356986219993507659e-01
7.231250267843065682e-01
7.169610478233841011e-01
7.057948632425932178e-01
6.983837365772631589e-01
6.885487085492539849e-01
6.777191831422754165e-01
6.702099984339326966e-01
6.608691726557059942e-01
6.508282565663292552e-01
6.435884546593595434e-01
6.320544314143620168e-01
6.216587011771226301e-01
6.114703830413803498e-01
6.030276360870875374e-01
5.918138587111532178e-01
5.900216375270798119e-01
5.840288841773781936e-01
5.696870278442131008e-01
5.584210095898896054e-01
5.549612617081353116e-01
5.435801726330369288e-01
5.475329900090982749e-01
5.270622912962423801e-01
5.176638280700645023e-01
5.088097305061340947e-01
5.008638508355304220e-01
4.926495648128586535e-01
4.830638580280051109e-01
4.752928972139402464e-01
4.684873101277760021e-01
4.601243326266989953e-01
4.516702999907518112e-01
4.444440250553410299e-01
4.365487289996309861e-01
