1.097869280565678674e+00
1.097447125725399486e+00
1.097014914907396221e+00
1.096575399660426831e+00
1.096116903454537272e+00
1.095633493501613209e+00
1.095125118826001387e+00
1.094567405812877370e+00
1.093940661359567912e+00
1.093236359826863957e+00
1.092467671740671387e+00
1.091599718205578773e+00
1.090646685573544827e+00
1.089578727332006336e+00
1.088419453387809543e+00
1.087159924999375749e+00
1.085803925236740408e+00
1.084339654511270457e+00
1.082764926038449538e+00
1.081082576425681285e+00
1.079371724339255545e+00
1.077579204120563405e+00
1.075777185354930499e+00
1.073942554104606151e+00
1.072153998837893862e+00
1.070438466577577019e+00
1.068788038074858671e+00
1.067222364610050933e+00
1.065722088288532987e+00
1.064291346364730106e+00
1.062908059540918382e+00
1.061582149350340787e+00
1.060266880968508518e+00
1.059007067562915294e+00
1.057757665395100855e+00
1.056548089568673632e+00
1.055370000385479123e+00
1.054187775091174784e+00
1.053022677609804170e+00
1.051878203579072579e+00
1.050746764709700409e+00
1.049621156392996690e+00
1.048487381120321027e+00
1.047354243466142476e+00
1.046219947883242796e+00
1.045090949445393047e+00
1.043968340289910035e+00
1.042807869537485166e+00
1.041668490812568848e+00
1.040520793523929788e+00
1.039357833583308466e+00
1.038199044168282903e+00
1.037022632757236273e+00
1.035825988300731026e+00
1.034616539172650951e+00
1.033399492744067727e+00
1.032183249187106799e+00
1.030930973609293089e+00
1.029666679250917261e+00
1.028379757506752368e+00
1.027090683859354314e+00
1.025782852950577029e+00
1.024425977360585938e+00
1.023048507193756951e+00
1.021658507738892219e+00
1.020252783651229178e+00
1.018808545397072329e+00
1.017327459680730239e+00
1.015834637765520077e+00
1.014306704344229093e+00
1.012750256840226459e+00
1.011171878118208189e+00
1.009550654051299956e+00
1.007883118535203071e+00
1.006183100980673428e+00
1.004431310722096127e+00
1.002660593551645274e+00
1.000784661461239233e+00
9.988716684332987761e-01
9.969187037478401958e-01
9.948765940363388793e-01
9.927852821535463335e-01
9.906142044030851190e-01
9.883795893528520837e-01
9.860669761265280497e-01
9.836705117313323532e-01
9.811491700308214714e-01
9.785295516771745916e-01
9.757477691100354678e-01
9.728403259917546286e-01
9.697680176944969421e-01
9.665593157716508843e-01
9.631731110103257665e-01
9.596109444786163900e-01
9.559083241629184879e-01
9.522943409940629600e-01
9.823012775896112769e-01
9.993721464964163692e-01
9.892590364636726363e-01
9.826274213655048495e-01
9.753432267809907241e-01
9.680850700294042488e-01
9.628871852122630193e-01
9.636136679872333577e-01
9.581510725969029085e-01
9.561560149090250205e-01
