1.098808647676897232e+00
1.095996272414423878e+00
1.093627600365157049e+00
1.091392670280647570e+00
1.089137071946457258e+00
1.086731761641524407e+00
1.084268718597654946e+00
1.081680818933017596e+00
1.078978494891283724e+00
1.076089698180093812e+00
1.073035015603090336e+00
1.069739714517718321e+00
1.066072879472971469e+00
1.061813140949186218e+00
1.056163326889288268e+00
1.048188960428412697e+00
1.037058800284704541e+00
1.023354674838781397e+00
1.006324247258941096e+00
9.873108873775385819e-01
9.702074382018436305e-01
9.542903570885028497e-01
9.403339510986614691e-01
9.277286470379489947e-01
9.147723746667769662e-01
9.024936694014011884e-01
8.905425645674434065e-01
8.794989529894575719e-01
8.685061150941815189e-01
8.589575623188675513e-01
8.480342958606836845e-01
8.379143359245584399e-01
8.272748908899975051e-01
8.173334465876020971e-01
8.084030205623955467e-01
7.986913899626866264e-01
7.887626639032707665e-01
7.801738398975278654e-01
7.706330987470968452e-01
7.631558946282928080e-01
7.525386343809541412e-01
7.470115615942578557e-01
7.380999025655289314e-01
7.288987141693026306e-01
7.872776635746755458e-01
7.176970614828700468e-01
7.097437141039173447e-01
7.020842832899562014e-01
6.949621635508668183e-01
6.865941844113155890e-01
7.329551810527130673e-01
7.107215686388612674e-01
6.692395433753933753e-01
6.988241294883353882e-01
6.565553236410894833e-01
6.546636894966835207e-01
7.150999612877503298e-01
7.056163437628568680e-01
6.889125530494205618e-01
6.654869031097011556e-01
6.302200456014942498e-01
6.149926520890379722e-01
6.055976222304384482e-01
5.975073904626100330e-01
5.933050885927622087e-01
5.815878755273304890e-01
5.783752189863216042e-01
5.783145376220815148e-01
5.932860393291717882e-01
5.597631930357805929e-01
5.534811796269861750e-01
5.450186365768739938e-01
5.581106507279574025e-01
5.584318147169178292e-01
5.377873345845052278e-01
5.261527098481483256e-01
5.159262610506060165e-01
5.085113750136769362e-01
5.026253175670527540e-01
4.969145543329981374e-01
4.931383093561205189e-01
4.848493959080935611e-01
4.847187119650316900e-01
4.728524688051816138e-01
4.686093050981243180e-01
4.628000670891669888e-01
4.557717683336113823e-01
4.520202553503616660e-01
4.589076263599732308e-01
4.401030538047755458e-01
4.351106286184192595e-01
4.287668832107743300e-01
4.243137660933625765e-01
4.186872860443091038e-01
4.130383834828854628e-01
4.200163746480874982e-01
4.073733619393815619e-01
3.972914211308670174e-01
3.927981358341364193e-01
