1.099235657415448930e+00
1.098861399610740364e+00
1.098487787996015763e+00
1.098112636781240825e+00
1.097736145566374555e+00
1.097356080630060848e+00
1.096972189779808149e+00
1.096585129651043156e+00
1.096191779201008076e+00
1.095798438628140303e+00
1.095404667600208715e+00
1.095006254885512176e+00
1.094606247204507277e+00
1.094200771368156744e+00
1.093788649470153640e+00
1.093370910542187602e+00
1.092951637507499685e+00
1.092525175214321242e+00
1.092090645406595506e+00
1.091652580053349864e+00
1.091209058038804525e+00
1.090763939339594701e+00
1.090312124807280902e+00
1.089853681133037044e+00
1.089389185644049851e+00
1.088918818097996510e+00
1.088441019235204754e+00
1.087960340846688245e+00
1.087470622861245406e+00
1.086972595925404406e+00
1.086467312349850278e+00
1.085949528793032748e+00
1.085423695378795683e+00
1.084887811459867679e+00
1.084343963087190277e+00
1.083790651157098273e+00
1.083222188599689773e+00
1.082646759168885531e+00
1.082058198159334017e+00
1.081458415070995827e+00
1.080843272047344206e+00
1.080216254470067083e+00
1.079577081394644811e+00
1.078927695910171902e+00
1.078262058805441237e+00
1.077583952636333331e+00
1.076890232120440549e+00
1.076186012189373820e+00
1.075460319114214469e+00
1.074717907756473911e+00
1.073956228271325530e+00
1.073174959684661811e+00
1.072366430969015294e+00
1.071539664625695387e+00
1.070681702021092363e+00
1.069802355072188682e+00
1.068891444208132091e+00
1.067942277553450836e+00
1.066959182058301536e+00
1.065933046015672403e+00
1.064867152020890773e+00
1.063752781464667896e+00
1.062580968490571598e+00
1.061356192475096938e+00
1.060055886973223060e+00
1.058691389004195571e+00
1.057247927237447316e+00
1.055714005570454805e+00
1.054080268533132081e+00
1.052322928504041188e+00
1.050447866984443701e+00
1.048448241397651248e+00
1.046309249415028786e+00
1.044010530217106103e+00
1.041527735835868107e+00
1.038851788755537742e+00
1.035976585211531242e+00
1.032869793311887108e+00
1.029520265361005826e+00
1.025903220277092132e+00
1.022056770137987902e+00
1.017961782505560908e+00
1.013712641120017910e+00
1.009304103850777068e+00
1.004946182104415664e+00
1.000589187563592164e+00
9.964560115488235725e-01
9.964670879968983153e-01
1.006670752223007170e+00
1.001050411657012251e+00
9.975912096511085903e-01
9.950123743033761903e-01
9.925776079519471606e-01
9.902844552108618359e-01
9.884643151144334450e-01
9.867608758284402981e-01
9.848207779662927486e-01
9.830488791145630678e-01
9.813190546677647008e-01
9.796702357137063721e-01
9.780652723932879988e-01
9.764743882203560377e-01
9.749191670173968927e-01
9.734208926522132099e-01
9.720351517515051221e-01
9.706381206026440944e-01
9.692143351473850865e-01
9.678059051421232795e-01
9.664323286526887991e-01
9.651195849593506848e-01
9.637219717037014410e-01
9.623676797370960267e-01
9.610544874749168409e-01
9.597346490665201735e-01
9.584273849481568242e-01
9.571639945602979926e-01
9.559006649948168510e-01
9.547566262393416547e-01
9.535094417391039023e-01
9.523008469217150163e-01
9.511303312458749826e-01
9.499443687359460098e-01
9.487659447709058114e-01
9.476091223429837784e-01
9.464589083521490753e-01
9.453136324544247904e-01
9.441587491342871008e-01
9.429795625369331580e-01
9.418011075399985721e-01
9.406775016328965400e-01
9.395470580470987043e-01
9.384221506574748073e-01
9.371965720308373937e-01
9.361526419129925225e-01
9.351035224093149356e-01
9.339992540877547489e-01
9.326883743782263814e-01
9.316053125679841784e-01
9.305669148341324526e-01
9.295404125617044988e-01
9.285209903340355675e-01
9.275179618022327821e-01
9.265137898665566363e-01
9.255314500829390223e-01
9.245252205642112697e-01
9.235232326055005103e-01
9.225460743465729863e-01
9.215688569328853719e-01
9.205614903627908907e-01
9.195689037319588754e-01
9.186075022573618742e-01
9.176164100825140446e-01
9.166498774060406474e-01
9.157133656620782824e-01
9.147698790347438269e-01
9.139833464456614820e-01
9.129717098510425899e-01
9.120128671749923033e-01
9.107998627876492392e-01
9.098689404581726814e-01
9.088890267030029779e-01
9.080255480049673755e-01
9.071061845352346165e-01
9.061268896556227137e-01
9.052201428699423458e-01
9.043496834603295120e-01
9.034896890141962400e-01
9.026270277430741285e-01
9.017573334249192607e-01
9.009123365370722558e-01
9.000397383351512737e-01
8.992281418390329906e-01
8.983677423005070883e-01
8.976307964191000410e-01
8.967324426919551783e-01
8.958294893913091306e-01
8.949930810690209793e-01
8.941429786396367652e-01
8.932894091047065555e-01
8.924579470411047044e-01
8.916175927567052684e-01
8.911347933311033476e-01
8.903227869088692348e-01
8.888708793151581800e-01
8.880937593146016606e-01
8.872200229247632075e-01
8.863730063997761199e-01
8.855454557079048827e-01
8.847216401276865039e-01
8.847408903747159270e-01
8.839414167516477239e-01
8.828741219513099869e-01
8.816837902155956197e-01
8.809835200994119431e-01
8.802228072371400813e-01
8.793585999728696923e-01
8.785305447302681481e-01
8.777326873026521925e-01
8.769160227102843486e-01
8.761157646405697275e-01
