4.028715735568705880e-01
4.587140340356116175e-01
5.776630158890092570e-01
6.119402988118959330e-01
6.303274499849783608e-01
6.672152545055543005e-01
7.251007321960477592e-01
7.848589748768237673e-01
8.148799725500546209e-01
8.307701035793668698e-01
8.403609330318185799e-01
8.515407754650898831e-01
8.592020882751606470e-01
8.748652176312803341e-01
8.888825833388160902e-01
9.067589804943665399e-01
9.175983205074876858e-01
9.287781623488055027e-01
9.324669425850538040e-01
9.391067479553967257e-01
9.523296065873343430e-01
9.490380796926949358e-01
