3.883434538571722827e-01
3.922024856941849213e-01
3.956075138211838649e-01
3.971397765587545425e-01
3.994665454620062173e-01
4.009988083348805521e-01
4.032120765233092596e-01
4.044038361946547533e-01
4.056523466555378432e-01
4.058793483642476052e-01
4.062198511446437621e-01
4.069576075558602457e-01
4.079791159833047742e-01
4.083763692285097280e-01
4.084331196256666408e-01
4.087168719733886291e-01
4.090006241536723874e-01
4.092276261228416923e-01
4.096816298683725877e-01
4.091141253538972400e-01
4.084898701361404094e-01
4.087736222453897117e-01
4.086601215373318885e-01
4.086033709084674337e-01
4.083763691608578994e-01
4.083196184998588163e-01
4.084331196645664686e-01
4.080926165915761406e-01
4.080926167556317985e-01
4.083763692606443008e-01
4.080358661267673437e-01
4.078088645787307231e-01
4.076953633818884426e-01
4.075818624421231329e-01
4.074116112726391403e-01
4.075251120094489643e-01
4.076386128494278172e-01
4.078656147864624937e-01
4.080358662942056291e-01
4.081493673946440803e-01
4.079791159190355732e-01
4.081493672593404232e-01
4.082628682599923620e-01
4.082628682278577337e-01
4.085466204690281211e-01
4.086601215373318885e-01
4.089438736854810186e-01
4.091141250545378694e-01
4.091141253183799842e-01
4.091141251830763270e-01
4.092276261194590647e-01
4.095681290283936793e-01
4.093411270879764308e-01
4.093978773633600854e-01
4.092843764269773477e-01
4.094546279922245402e-01
4.097951309332937830e-01
4.103058850506121624e-01
4.116678960910145624e-01
4.124624028706359580e-01
4.133136597649679222e-01
4.173429431384757526e-01
4.184212018700559366e-01
4.204642187925968222e-01
4.217127291892106555e-01
4.247772543108711552e-01
4.247772543785229837e-01
4.269337721985467793e-01
4.277850293820903427e-01
4.290902899898185741e-01
4.309063050395939842e-01
4.327790704256397336e-01
4.338005788497016901e-01
4.355030928311732774e-01
4.347085862409770241e-01
4.373758584100267410e-01
4.387946200539241670e-01
4.406106351003170052e-01
4.417456442324367294e-01
4.445264172414653547e-01
4.461721807868802570e-01
4.479314454648681831e-01
4.497474605112610213e-01
4.525282334205031343e-01
4.533227401426205283e-01
4.551387548575193676e-01
4.566710176661244458e-01
4.589410362939925214e-01
4.595652912479071817e-01
4.610975539854778038e-01
4.641053288672718491e-01
4.654105896356732219e-01
4.681346122086450512e-01
4.702911298679957608e-01
4.738664093640516106e-01
4.731286535414060412e-01
4.753419215691616628e-01
4.772146869230727839e-01
4.795982065515927983e-01
4.808467170835102888e-01
4.830599853751080253e-01
4.847624991248721815e-01
4.874297714579775564e-01
4.905510470123122246e-01
4.957720902854904632e-01
4.978718570842692315e-01
4.981556099461451059e-01
4.979286078129200876e-01
5.024118949996106975e-01
5.033199023553688312e-01
5.060439247642849470e-01
5.079734406219046372e-01
5.106407124273257825e-01
5.131944838528005315e-01
5.167697633843735261e-01
5.176210206034342898e-01
5.213665515717160748e-01
5.246013281300851983e-01
5.251120821476171763e-01
5.287441122336377086e-01
5.382214403607086251e-01
5.358379207643232389e-01
5.348164123656307112e-01
5.377674365475259011e-01
5.390159467868491650e-01
5.412292152712546711e-01
5.435559845060004003e-01
5.445774927947586441e-01
5.478122690926682248e-01
5.505362919582342807e-01
5.519550539268605061e-01
5.544520738744402877e-01
5.571193458760517192e-01
5.597298680014253236e-01
5.614891321263595358e-01
5.639294023516093768e-01
5.790817774618722824e-01
5.758470009068856754e-01
5.740309854004603807e-01
5.739742351927286101e-01
5.749389931519817143e-01
5.772090116834459605e-01
5.827138072975810434e-01
5.852108282227297398e-01
5.841325693981282985e-01
5.852675786266517965e-01
5.871403440093150294e-01
5.881618523758728179e-01
5.899211168187706855e-01
5.923046366181116129e-01
5.940071505995832002e-01
5.965609216648118940e-01
5.982066854419343382e-01
6.001929518252494544e-01
6.015549631294939692e-01
6.032574766509332109e-01
6.050167412967865088e-01
6.074002612212832108e-01
6.091595254713733087e-01
6.101242838297723514e-01
6.122240508247414059e-01
6.144940698128553702e-01
6.171613418855013133e-01
6.318597128223354398e-01
6.297031948314907313e-01
6.272061744915302661e-01
6.260144143347828871e-01
6.261279153997041380e-01
6.265251684808533783e-01
6.286816865359672324e-01
6.294194424262646859e-01
6.312354577973863234e-01
6.321434652918307417e-01
6.331649733877812158e-01
