1.098977845783070117e+00
1.093417328952301926e+00
1.083535871889458546e+00
1.067323076400953807e+00
1.050484659574229429e+00
1.032076728289165635e+00
1.010117264927383962e+00
9.786025281898497186e-01
9.594758943168930632e-01
9.400912976164829127e-01
9.020559747328276146e-01
8.845671825265243315e-01
8.681028656761720086e-01
8.523143759536104813e-01
8.371841903340633273e-01
8.219525627946212554e-01
8.055670414479148000e-01
7.870923285823655524e-01
7.731761960989771421e-01
8.018822009531920703e-01
7.551836556956957880e-01
7.385201769961340368e-01
7.253922526617608835e-01
7.136779390725785932e-01
7.030624832788219258e-01
6.927868472508950104e-01
6.827066982010965290e-01
6.739795571233795357e-01
6.642562514583786326e-01
6.557977758460036277e-01
6.710603614006618312e-01
6.499866375918555983e-01
6.344045743681936411e-01
6.266320813399669509e-01
6.182477047972292361e-01
6.104603133984466412e-01
6.026955533735287585e-01
5.971072064504930887e-01
5.885375827241381419e-01
5.815653428710161332e-01
5.741013325029913350e-01
1.119006834738601297e+00
9.609232369105706439e+00
9.609200909543501368e+00
9.609199926427109517e+00
9.609199003277298701e+00
9.609198507470566142e+00
9.609197719895023582e+00
9.609196964197021629e+00
