1.080498015249393040e+00
1.004216576405966732e+00
8.859072874477398329e-01
7.939667715555990268e-01
7.221067079140104372e-01
6.754493519996150885e-01
5.985420359113918787e-01
5.525287576541951795e-01
5.186367346178178961e-01
4.871720154218726062e-01
4.555056094886509865e-01
4.227382360495257618e-01
3.902750565437296260e-01
3.529395609781180720e-01
3.200155312093836968e-01
2.840920145202728841e-01
2.529011927234294799e-01
2.244798628229957294e-01
3.218283871563276111e-01
2.709453792871651667e-01
1.546406099108411369e-01
2.518784119773213037e-01
