1.090684547955248052e+00
1.087684318518829407e+00
1.086706401690080481e+00
1.086012015595189117e+00
1.085385968726958916e+00
1.084873640113084958e+00
1.084241967514866900e+00
1.083511623335807306e+00
1.082313340751126729e+00
1.080502170275954521e+00
1.077310859619180938e+00
1.072102548166704361e+00
1.067462038983011174e+00
1.065308235944667059e+00
1.063304540038169765e+00
1.060517342973733568e+00
1.057102203301488741e+00
1.053414941503798552e+00
1.049256060323828343e+00
1.045710146180225397e+00
1.045852180310961499e+00
1.040113392336794451e+00
8.989545036841112946e+00
9.609293284437034899e+00
9.609293084295861931e+00
9.609293135224159954e+00
9.609293132030993334e+00
9.609293029687304255e+00
9.609293019241862410e+00
