3.374382839504067033e-01
3.933942454940689282e-01
4.142216671883779400e-01
4.062766017768907889e-01
4.157539300291175910e-01
4.439021622554160107e-01
4.776119404287372250e-01
5.068384313189640000e-01
5.272118492711247439e-01
5.246580780705923930e-01
5.525793086203156790e-01
5.677884339027930993e-01
5.792520284740657610e-01
5.896941152132300079e-01
6.007037055180526330e-01
6.120537992239769576e-01
6.197718628980022348e-01
6.332217238593551567e-01
6.446285680368535331e-01
6.608024518603898834e-01
6.568866689632323341e-01
6.601781965174771116e-01
6.669315024250570545e-01
6.770330855635466882e-01
6.846943987727631686e-01
6.897451903741426138e-01
6.952499857887047829e-01
7.016627888939016566e-01
7.057488223432202279e-01
7.115373699025488996e-01
7.174961696545955059e-01
7.159639066853172862e-01
7.238522215643438118e-01
7.308892794915343716e-01
7.333863003591789553e-01
7.385505932893218217e-01
7.441688895083455879e-01
7.483684237621258672e-01
7.552919814057736936e-01
7.584132566286143629e-01
7.639180525708608727e-01
7.491061801851813806e-01
4.037795810445498068e-01
4.038363315803930043e-01
4.038363316091450050e-01
4.038363314806065474e-01
4.038363317089314619e-01
4.038363317123140339e-01
4.038363316412796333e-01
