4.118948982952739812e-01
5.370864312641060456e-01
5.536575674516822643e-01
6.017819645456096156e-01
6.334487256001996025e-01
6.695987741053223141e-01
7.273140003912417217e-01
7.998978492756462222e-01
8.452982236359285473e-01
8.823562796929997898e-01
8.973384031669809913e-01
9.143067932881194793e-01
9.274729017123253261e-01
9.332046989996528596e-01
9.417172689002458741e-01
9.442710400365090795e-01
9.524431079803669098e-01
9.593666650997131340e-01
9.627716929273527624e-01
9.636797002898761511e-01
9.713410132995197177e-01
9.745757903788080379e-01
9.758243006147487852e-01
9.804210885382491636e-01
9.807615915435876630e-01
