3.482208726818232236e-01
3.490721300006704442e-01
3.495828839217985373e-01
3.504908913773431278e-01
3.512286474638308120e-01
3.517961523098001586e-01
3.520231543466212920e-01
3.524204073922533320e-01
3.529311618343005108e-01
3.531581634432238159e-01
3.533284148511804945e-01
3.532149141752572996e-01
3.539526701010718979e-01
3.543499233750288524e-01
3.541229216341844621e-01
3.541229215343980607e-01
3.544066738466028488e-01
3.544634241828731325e-01
3.543499232143557665e-01
3.546336755553126108e-01
3.551444300294944179e-01
3.555984337073734847e-01
3.559389363913657567e-01
3.562794394575908852e-01
3.563361898936476257e-01
3.567901934108536066e-01
3.569036946110784592e-01
3.569036943151017161e-01
3.569604450792698280e-01
3.572441971208673017e-01
3.573576982280708969e-01
3.573009475603066143e-01
3.575846999722978592e-01
3.575279496647795763e-01
3.578117017706463066e-01
3.578684525703316188e-01
3.576982011014883112e-01
3.579819533460412706e-01
3.582089552154241185e-01
3.582089553118280034e-01
3.582657055550770298e-01
3.582089553794798320e-01
3.582089551477722900e-01
3.583224560841550277e-01
3.586062085925501020e-01
3.588899606662822039e-01
3.589467112697772300e-01
3.590034619020242568e-01
3.592872142429811011e-01
3.595142159161736073e-01
3.596277167527698881e-01
3.595709666126898907e-01
3.596277170521292588e-01
3.598547188217256498e-01
3.599114691613785610e-01
3.601952216342564350e-01
3.601952215023353499e-01
3.600817207655255259e-01
3.600249703260862133e-01
3.600249703260862133e-01
3.600249701620304998e-01
3.603654731707515713e-01
3.604789740428650524e-01
3.600817207621429539e-01
3.601384712303343227e-01
3.602519719383920904e-01
3.605924747796748764e-01
3.603654728747748281e-01
3.604222234427526539e-01
3.605357243114835075e-01
3.605924747120230478e-01
3.609329777241267467e-01
3.611032292217221107e-01
3.611599795901270227e-01
3.612167299297798784e-01
3.613302309659490730e-01
3.615004823992751803e-01
3.615004822707367227e-01
3.615004824381749526e-01
3.616707336110415727e-01
3.618409853403444232e-01
3.617842348721530543e-01
3.618977357476491075e-01
3.620112367161664735e-01
3.620112367127839015e-01
3.618409851475367089e-01
3.620112367161664735e-01
3.619544859841329898e-01
3.621247373565724681e-01
3.621814881494925809e-01
3.621814879245502383e-01
3.622382383961242347e-01
3.622382384536282918e-01
3.622382384570108638e-01
3.623517393291243449e-01
3.624652404227975966e-01
3.627489926064638714e-01
3.629759944758467194e-01
3.631462458161515694e-01
3.633164973492641336e-01
3.635434993539506943e-01
3.634299982213776703e-01
3.636002496580863497e-01
3.636570003258506323e-01
3.636002498255246351e-01
3.637705009341219431e-01
3.636570003224680048e-01
3.639975029354258762e-01
3.638840021952334802e-01
3.638840020311777668e-01
3.639975029709430765e-01
3.639407526668074211e-01
3.639407524993691356e-01
3.639975028711566751e-01
3.642812552831478645e-01
3.642812553761691774e-01
3.643947560842269451e-01
3.646785085892394473e-01
3.647920093937010999e-01
3.650757617701751445e-01
3.652460132035012519e-01
3.653027635752887359e-01
3.654730151117839276e-01
3.657000169845493476e-01
3.655865160481666098e-01
3.657000170775706049e-01
3.658702683214716256e-01
3.659837692646195073e-01
3.659837693576407647e-01
3.660972703261581307e-01
3.660972703582927590e-01
3.662107712270236681e-01
3.661540208264841278e-01
3.663810225030592616e-01
3.664945234394419993e-01
3.664377731995755449e-01
3.664945234462071433e-01
3.666080245398803950e-01
3.666080245787802228e-01
3.666647749116678789e-01
3.668350263128594135e-01
3.668917768808372393e-01
3.669485271883554667e-01
3.669485271849728947e-01
3.669485273811631809e-01
3.668350264447804432e-01
3.670052777529507204e-01
3.669485273524111801e-01
3.671187788533891161e-01
3.670052779136238064e-01
3.672322796578507687e-01
3.672890299619864241e-01
3.673457805265816778e-01
3.675727825667853832e-01
3.676862832359433786e-01
3.677430337108999470e-01
3.677430338394384046e-01
3.677430337751691480e-01
3.678565347403039421e-01
3.677430339358422895e-01
3.678565346439000572e-01
3.679700358119903369e-01
3.679700357764730811e-01
3.680267861803952489e-01
3.679700356445520515e-01
3.680835365843173612e-01
3.681402872486990163e-01
3.683105384215655809e-01
3.683105385534866660e-01
3.682537882493509551e-01
3.684240394577347755e-01
3.683672890538126632e-01
3.685375405869252274e-01
3.686510414624212806e-01
3.687077917631743640e-01
3.687645422313657328e-01
3.690482945757051492e-01
3.689347938321301257e-01
3.689915441717829814e-01
3.690482946044571499e-01
3.688780432032656709e-01
3.689915441041311528e-01
3.689915442039176097e-01
3.689347938355126977e-01
3.688780431389964143e-01
3.688212926708050454e-01
3.687645424309386466e-01
3.689347936038052111e-01
3.689347937002090405e-01
3.688780431356138423e-01
3.689347938676473260e-01
3.689915443358386948e-01
3.689915442681868663e-01
3.692185461409523417e-01
3.692752964839877694e-01
3.692752963808187405e-01
3.694455477532582188e-01
3.695590488824486708e-01
3.695590487217755848e-01
3.696157992965185546e-01
3.696725498831006096e-01
3.697293004223264345e-01
3.698995518269004856e-01
3.700130526313621382e-01
3.700698029676324219e-01
3.700698030640363068e-01
3.701265536996659611e-01
3.700698029354978491e-01
3.701833041678573299e-01
3.703535553407238945e-01
3.702968048725325256e-01
3.704103059154668642e-01
3.704103058089152634e-01
3.704670561807027473e-01
3.705238067452979456e-01
3.705805574130622282e-01
3.706373077493325119e-01
3.707508087178498779e-01
3.709778104908288410e-01
3.710345610909412950e-01
3.711480618345163185e-01
3.710345609302682091e-01
3.709210601545585573e-01
3.709210601511759853e-01
3.709210601224239290e-01
3.710345611230759233e-01
3.710913115557500919e-01
3.710913115591326639e-01
3.710913114948634073e-01
3.710913113950769504e-01
3.711480620662238050e-01
3.710913116555364932e-01
3.713183132390903696e-01
3.713183132035731693e-01
3.714885647113163047e-01
3.715453153080461313e-01
3.716588160769905835e-01
3.716588161412598401e-01
3.717155664842953233e-01
3.718858182135981738e-01
3.719425686141377141e-01
3.720560694541165669e-01
3.719425684534646281e-01
3.718290675492165187e-01
3.717723170167558933e-01
3.717723172129462350e-01
3.718858181459463452e-01
3.719993188573867404e-01
3.719993188573867404e-01
3.718858179210040027e-01
3.720560693543301656e-01
3.719993191144637112e-01
3.719993191499809115e-01
3.719425685820030858e-01
3.718858178854868024e-01
3.718290677132722322e-01
3.717155667768894944e-01
3.716588161480250396e-01
3.716588160803732110e-01
3.718290677454068049e-01
3.718858179497560590e-01
3.718858178821042304e-01
3.717723172450808633e-01
3.718290674781821181e-01
3.718290675847337190e-01
3.718290677454068049e-01
3.718290674206780611e-01
3.719425686141377141e-01
3.719993189216559970e-01
3.719993191178462832e-01
3.721128198935559350e-01
3.722263209229599301e-01
3.722830712304781575e-01
3.722830713268820424e-01
3.721128197903869061e-01
3.719993191212289108e-01
3.719993190180598264e-01
3.721695703583646764e-01
3.722263208908253018e-01
3.722830713945338710e-01
3.724533228346251779e-01
3.723965724273204381e-01
3.725668238352771167e-01
3.727938255084696784e-01
3.727938254763350501e-01
3.729073265733908737e-01
3.728505761051995049e-01
3.728505761407167052e-01
3.729073265412562455e-01
3.729640767811226998e-01
3.730775779170783513e-01
3.730775778494264672e-01
3.730775778494264672e-01
3.730775777851572661e-01
3.731343282888658353e-01
3.730775778139092669e-01
3.730775778172918944e-01
3.730775778460438952e-01
3.730775778528090947e-01
3.731910786538881752e-01
3.733045795936534850e-01
3.732478292827526301e-01
3.734180805943054238e-01
3.734748309948449640e-01
3.734748310269795923e-01
3.733613301227314829e-01
3.733613301261140549e-01
3.731910787891918324e-01
3.732478292861352021e-01
3.731910786538881752e-01
3.731343282499660075e-01
3.730775779170783513e-01
3.731343282178314347e-01
3.731910789853821186e-01
3.730775778528090947e-01
3.729073264803696164e-01
3.728505761440993327e-01
3.729640769773129860e-01
3.730775778781785235e-01
3.730775780100996086e-01
3.730775778494264672e-01
3.730208274488869824e-01
3.729640771092340712e-01
3.731343281890793784e-01
3.731343282821006357e-01
3.730208274776389832e-01
3.730208273135833252e-01
3.729640769739304140e-01
3.729073264127177878e-01
3.730208274776389832e-01
3.729640769451784132e-01
3.730775777175054375e-01
3.731343282499660075e-01
3.731910787824266329e-01
3.730775778494264672e-01
3.732478291575967444e-01
3.733613303865735977e-01
3.733045796257881133e-01
3.734180807228438814e-01
3.733613302191353123e-01
3.733613303544389694e-01
3.733613302867871409e-01
3.734180806264400521e-01
3.733613303223043967e-01
3.734180805587882235e-01
3.734180807583611372e-01
3.735315816592266192e-01
3.735883322559564457e-01
3.736450825279575283e-01
3.737018329961488972e-01
3.737585834677228380e-01
3.738153341321044931e-01
3.737018331314525543e-01
3.737018330959353540e-01
3.737585835032400383e-01
3.737585834643402660e-01
3.738720843753535195e-01
3.737585833966884374e-01
3.738153340999699203e-01
3.739288348722969446e-01
3.739855853726229418e-01
3.740423358086796823e-01
3.740990864696787099e-01
3.740990864054095089e-01
3.740423357765450540e-01
3.741558367129277918e-01
3.742125871456019048e-01
3.742125871811191051e-01
3.741558366807931635e-01
3.740990861449499660e-01
3.739855852085672283e-01
3.739855852728364849e-01
3.741558368769834497e-01
3.742125870813327038e-01
3.742693377135797306e-01
3.742125871134672765e-01
3.742693375816586454e-01
3.742693378810180160e-01
3.743828387785009260e-01
3.743828385501760114e-01
3.743828385501760114e-01
3.744963394189069206e-01
3.744963394933238932e-01
3.746098404263240589e-01
3.746665909909192571e-01
3.746665908589981719e-01
3.744963397182662357e-01
3.744395890505020086e-01
3.744395889862327520e-01
3.744963395220759494e-01
3.744963397148836637e-01
3.745530901864576045e-01
3.745530899581326900e-01
3.746098404905932600e-01
3.746098405903797168e-01
3.747800917987635372e-01
3.748368423633587354e-01
3.747800920237058242e-01
3.748935930277403905e-01
3.749503432033375883e-01
3.750070937357982137e-01
3.749503432320896446e-01
3.748935928315501043e-01
3.749503433640106742e-01
3.750638443325280402e-01
3.751205948362366094e-01
3.751773450405858634e-01
3.751773450761030637e-01
3.752340957049675185e-01
3.752340955696638614e-01
3.751773451691243211e-01
3.751205948683712377e-01
3.751205947398327800e-01
3.751205948362366094e-01
3.751205946045291229e-01
3.752340957049675185e-01
3.752340955087771768e-01
3.753475964772945428e-01
3.753475967090020848e-01
3.754610974491944808e-01
3.756313489248029880e-01
3.756880995469022433e-01
3.756880995181502425e-01
3.758016002870946948e-01
3.758583508229378922e-01
3.759718516307821168e-01
3.759151012978944051e-01
3.760286020634562854e-01
3.759151011338387471e-01
3.760853527954897690e-01
3.760853525671648545e-01
3.760853525350302262e-01
3.761988534680303919e-01
3.763123546327380442e-01
3.763691049690083279e-01
3.763691052007158144e-01
3.764258556367725550e-01
3.764258556046379822e-01
3.763691050687947848e-01
3.764258554050650685e-01
3.764826059442908379e-01
3.765393563448303782e-01
3.766528574097515736e-01
3.768231089462467098e-01
3.768798593180342493e-01
3.769933600903612736e-01
3.769933602510343595e-01
3.769366097185737896e-01
3.770501108190121853e-01
3.771068610588786396e-01
3.769933603186861881e-01
3.769933601546305302e-01
3.772203619918787498e-01
3.773906135283738861e-01
3.773906134996218853e-01
3.772203619631267490e-01
3.772203619597441215e-01
3.770501105264180142e-01
3.771636117232602947e-01
3.773338629282614876e-01
3.774473640642170835e-01
3.775041142364317093e-01
3.775608649008133644e-01
3.775608648686787361e-01
3.776743657407922172e-01
3.776176154011393615e-01
3.776176153047354767e-01
3.776176153047354767e-01
3.775608647367577064e-01
3.775608649008133644e-01
3.776176154045219335e-01
3.777311161802315853e-01
3.776743657086576444e-01
3.779013675137712358e-01
3.779581182136701467e-01
3.779581183066914041e-01
3.780148684822886018e-01
3.781283696825134544e-01
3.781283694863231681e-01
3.782986210228183044e-01
3.783553715197616740e-01
3.784121218915492135e-01
3.784121218238973849e-01
3.784688724240097835e-01
3.785256226993934381e-01
3.784688723597405824e-01
3.785256228279318957e-01
3.787526247971012561e-01
3.787526246719453704e-01
3.788093750724848552e-01
3.788661256658321097e-01
3.789796265700802191e-01
3.790363771735752452e-01
3.789228759445983363e-01
3.789796267053838763e-01
3.789228759412157643e-01
3.788661255051590238e-01
3.789228761695406789e-01
3.789228762338099354e-01
3.789796264415417615e-01
