3.701265534358237907e-01
4.069008567629401329e-01
4.054820951934597351e-01
4.151864253505865854e-01
4.346518359402239406e-01
4.590545371339713743e-01
4.897565404254985433e-01
5.236933202466428350e-01
5.658021677089031254e-01
6.030872255744704757e-01
6.289086884730019644e-01
6.488848536010903834e-01
6.699960275788521269e-01
6.832756370003273405e-01
6.975767547274737135e-01
7.093241017716243046e-01
7.163611600911953259e-01
7.332727998084117571e-01
7.450768967355653194e-01
7.483684241545064397e-01
7.464389084321904066e-01
7.493899327747586270e-01
7.434311333575887026e-01
7.373020825933486178e-01
7.552352306737402099e-01
7.579592528830835230e-01
7.618182847200961616e-01
7.676068329390302036e-01
7.749276429433353819e-01
7.816809490471055000e-01
7.855967311595017932e-01
7.774814140795984763e-01
7.949605585429977417e-01
7.937687985790580214e-01
7.938822994511715025e-01
8.010328586394734884e-01
8.008626069710572670e-01
8.061971509167761285e-01
7.952443104239220739e-01
8.113614434545383114e-01
8.092616763986826278e-01
8.140287155271841435e-01
8.187390043227980030e-01
8.200442652873896066e-01
8.244140512738553639e-01
8.294648432067287525e-01
8.333806256404712176e-01
8.394529255441393056e-01
8.477952446287291277e-01
8.519380288066986662e-01
8.665796494038798814e-01
8.695874238899107267e-01
8.754894725851950499e-01
8.821292772959326012e-01
8.880313264478667534e-01
8.931956186609001369e-01
8.989274162086873243e-01
9.049429658403542742e-01
9.080074911226878598e-01
9.118097727519687279e-01
9.158390559969380451e-01
9.164065602830885338e-01
9.226491116522173019e-01
9.261108902795422981e-01
9.195845864375356005e-01
9.283241585390054063e-01
9.334884514048789050e-01
9.344532089074822911e-01
9.370637308366654983e-01
9.393904999005903145e-01
9.412065151465560664e-01
9.437035352869436178e-01
9.448385450431514565e-01
9.444980417739707867e-01
9.258271381347757956e-01
