1.096985082540830936e+00
1.092735887690046592e+00
1.090395984980610855e+00
1.089055653503564702e+00
1.088276387661379241e+00
1.087825658074992541e+00
1.087554381069737230e+00
1.087380727691416693e+00
1.087258240048307956e+00
1.087157800738680624e+00
1.087078112389861184e+00
1.087008142172292358e+00
1.086949682737694323e+00
1.086883341797255653e+00
1.086818328009825585e+00
1.086756801105954073e+00
1.086694726398154787e+00
1.086632212102294881e+00
1.086572105805669874e+00
1.086510510641101934e+00
1.086451460463959684e+00
1.086381642584781426e+00
1.086316358582412267e+00
1.086251788259492868e+00
1.086185606077603394e+00
1.086115166383395447e+00
1.086052191689772073e+00
1.085982149423004195e+00
1.085912457254456509e+00
1.085839931218403942e+00
1.085769116286555924e+00
1.085698567828500938e+00
1.085622441977690311e+00
1.085550186352767454e+00
1.085476669893924440e+00
1.085396663581504439e+00
1.085325422659613626e+00
1.085244038360599683e+00
1.085165455692993275e+00
1.085075650243021439e+00
1.084995526838814062e+00
1.084912014565019511e+00
1.084821459383937814e+00
1.084730715000983281e+00
1.084634518935903458e+00
1.084542038776122208e+00
1.084440961448851715e+00
1.084343154965786038e+00
1.084237796420995714e+00
1.084138522441200125e+00
1.084027540270393608e+00
1.083920785838335510e+00
1.083808219464627243e+00
1.083679471984163145e+00
1.083546086037161071e+00
1.083400832254359791e+00
1.083249526988309341e+00
1.083075276582589286e+00
1.082884450795248421e+00
1.082679109861290456e+00
1.082474620663871345e+00
1.082272709319137105e+00
1.082056645319820598e+00
1.081846601474190983e+00
1.081637952832546157e+00
1.081434190892299085e+00
1.081226449427868053e+00
1.081015769979765784e+00
1.080793003497170446e+00
1.080575899087126368e+00
1.080361344014520553e+00
1.080136443353471920e+00
1.079913355389380714e+00
1.079688892807756817e+00
1.079458379886199193e+00
1.079219245543971528e+00
1.078980703337915958e+00
1.078741990114799432e+00
1.078498003986283482e+00
1.078254911538441219e+00
1.077994953259376665e+00
1.077740510146914632e+00
1.077486275970364060e+00
1.077219444393915371e+00
1.076962996466829248e+00
1.076684810288424332e+00
1.076412935951336358e+00
1.076139869778429903e+00
1.075855228898338734e+00
1.075576844087395845e+00
1.075289199486350267e+00
1.074999201176663144e+00
1.074707476554640273e+00
1.074412735614892478e+00
1.074119492303999612e+00
1.073814096945205243e+00
1.073519281892877597e+00
1.073204996447700843e+00
1.072899715420499112e+00
1.072587076925296534e+00
1.072276602821854441e+00
1.071961862411356048e+00
1.071637594174204899e+00
1.071318213402917108e+00
1.071001550368002819e+00
1.070662562655412264e+00
1.070353449632371667e+00
1.070016061425526965e+00
1.069684705482046860e+00
1.069349050007696755e+00
1.069008950937904379e+00
1.068675293303274820e+00
1.068336938108233491e+00
1.067984708645890235e+00
1.067652597417085181e+00
1.067303881581068703e+00
1.066952429641207178e+00
1.066612149670421505e+00
1.066257144027289216e+00
1.065906173531675272e+00
1.065558123152884118e+00
1.065198769188381966e+00
1.064837262224686887e+00
1.064478135996539843e+00
1.064117689928546495e+00
1.063758060715808806e+00
1.063393156426047925e+00
1.063030955138092093e+00
1.062659187522826620e+00
1.062300563386265884e+00
1.061929702968509748e+00
1.061554596329525424e+00
1.061186681370967611e+00
1.060817182500410683e+00
1.060430665257285465e+00
1.060049165533901494e+00
1.059666544772339236e+00
1.059275805033482509e+00
1.058875775223564242e+00
1.058490235617033370e+00
1.058101114542920884e+00
1.057709530394218334e+00
1.057290484832043687e+00
1.056898444337922349e+00
1.056496503228504302e+00
1.056093759220403161e+00
1.055668384694233186e+00
1.055264525330707359e+00
1.054849826784222122e+00
1.054431410282588022e+00
1.053996500230987010e+00
1.053580646421262479e+00
1.053147365297187887e+00
1.052706143262200911e+00
1.052265387591868606e+00
1.051832641025493675e+00
1.051376577335862317e+00
1.050917626049642895e+00
1.050461550121795540e+00
1.049993598206103718e+00
1.049522076925742287e+00
1.049063216631234363e+00
1.048587188920411251e+00
1.048103392716129623e+00
1.047614063004834284e+00
1.047116357306942636e+00
1.046629093208971018e+00
1.046103523447445838e+00
1.045577584807552585e+00
1.045093377462804618e+00
1.044556704128203339e+00
1.044026450126911643e+00
1.043494269908891825e+00
1.042952917746670538e+00
1.042407410530827194e+00
1.041845350867333542e+00
1.041265102982297908e+00
1.040707833251024450e+00
1.040110957838337402e+00
1.039510435599635629e+00
1.038869757676907923e+00
1.038294198631962928e+00
1.037659671038573483e+00
1.037024908530969958e+00
1.036396441526766354e+00
1.035720849069643235e+00
1.035046489255922575e+00
1.034363665907372498e+00
1.033652364893091091e+00
1.032961042512796634e+00
1.032224734452842352e+00
1.031502816211107731e+00
1.030747300737880012e+00
1.029984777248796668e+00
1.029209159457123990e+00
1.028358208978225496e+00
1.027537529195628796e+00
1.026723626813947465e+00
1.025738276442714980e+00
1.024835425076463746e+00
1.023744803742500320e+00
1.022461597863042471e+00
1.020897087143766591e+00
1.019863042155714439e+00
1.018125320135765621e+00
1.017047185895391781e+00
1.012055253246491926e+00
1.004520848805270816e+00
1.001867788643444834e+00
9.943200271331616991e-01
9.909605728119322832e-01
9.889646024805728297e-01
9.837264793223997605e-01
9.798246977426807724e-01
9.770462365928718196e-01
9.720308499915071287e-01
9.713737344059890644e-01
9.652553933086626126e-01
9.603520085400156781e-01
9.594234794447623615e-01
9.568708607371267938e-01
9.511366777249290472e-01
9.523606691753666587e-01
9.422764977168890388e-01
9.368458664733201324e-01
9.348607725875479613e-01
9.297526899358822261e-01
9.281718581957184577e-01
9.242280930674757755e-01
9.211600492608228441e-01
9.145623118380440397e-01
9.078158679672012621e-01
9.023296621355754166e-01
9.055638143453538236e-01
8.851605245754631257e-01
8.907729363436055481e-01
8.919164925182822001e-01
8.865472020311919721e-01
8.966396845744826205e-01
8.683024422277163534e-01
8.765867622517935498e-01
8.759376402644333259e-01
8.720138148737578421e-01
8.499874085345202612e-01
8.462968752634633107e-01
8.993393348061763382e-01
8.497117838235267451e-01
8.508145835185713102e-01
8.322892074254549799e-01
8.465684747345486594e-01
8.267668793524957094e-01
8.277619586048544642e-01
8.297484052600008209e-01
8.222845729515925184e-01
8.367049201691261207e-01
8.250693469067571506e-01
8.103386230822162695e-01
7.967486438020039419e-01
7.790993318459779049e-01
8.132685368572919460e-01
8.160093949957485382e-01
7.772240638732910156e-01
7.876689470718805097e-01
7.806046451743470227e-01
7.651002254519098100e-01
7.596242476772027130e-01
7.571947449662548291e-01
7.682647463155181100e-01
7.643379441022561949e-01
7.592218298151912625e-01
7.429183213815374609e-01
7.474795580891230307e-01
7.542809988419859613e-01
7.248174653347704277e-01
7.582298177039945575e-01
7.186354712462778016e-01
7.294464902178017240e-01
7.342581532476546435e-01
7.150443529346650617e-01
7.564995262633792406e-01
7.229418725656479028e-01
6.970074387219347134e-01
7.404077432326227060e-01
6.899834476848120124e-01
6.823834839050388901e-01
6.882559156202714412e-01
6.752635836229172739e-01
6.871293456801612631e-01
7.159643136144571152e-01
6.580133332201412166e-01
6.781224641739851400e-01
6.571916333189833370e-01
6.556539877062724786e-01
6.623689070353273589e-01
6.665302722923980294e-01
6.535573651277682972e-01
6.576723303929352671e-01
6.458881279290530353e-01
6.350577393337719645e-01
6.642109065441191840e-01
6.492712016030152133e-01
6.613653551963244448e-01
6.295038130833906509e-01
6.134232483023269733e-01
6.071770527185440525e-01
