1.101289784926560600e+00
1.097747633455966154e+00
1.094752310975903198e+00
1.091481670152923966e+00
1.087377881328619011e+00
1.082045945323736102e+00
1.074897182338875545e+00
1.064980405331280355e+00
1.051000264782713689e+00
1.032610844398125227e+00
1.007318851091447476e+00
9.734799978269106369e-01
9.406640616666647192e-01
9.356327791177727615e-01
9.081443020078504569e-01
8.950463722251572607e-01
8.829440295909362080e-01
8.713717398392640812e-01
8.600385533099778046e-01
8.493398897094871502e-01
8.385965330877704904e-01
8.280178663320786336e-01
8.171033388193237323e-01
8.064958131324825308e-01
7.959429376323284844e-01
7.838761376290050986e-01
7.706033891280117398e-01
7.572158223775856678e-01
7.444279619915572521e-01
7.327762647307248800e-01
7.207131558146259165e-01
7.100468549045921840e-01
6.988033146878781521e-01
6.883983949643178724e-01
6.794021794050602026e-01
6.691757176792532125e-01
6.583451597091592999e-01
6.488802083795169873e-01
6.389164700829328414e-01
6.294497864064114712e-01
6.208881923298743555e-01
6.109466958713006823e-01
6.009973575305630478e-01
5.909379474604334881e-01
5.836329636952100053e-01
