3.600817207976601542e-01
4.082061175956107069e-01
4.179671983917497835e-01
4.136541625098468788e-01
4.126894045827283475e-01
4.129731571232580500e-01
4.145054195327173008e-01
4.279552807579123930e-01
4.631973214726139432e-01
4.806764654150940674e-01
4.881107770407567270e-01
4.952045854682731729e-01
5.057601726871703285e-01
5.186425287349020197e-01
5.333409001605207145e-01
5.517848025222864550e-01
5.763010041281149132e-01
6.018954659386421824e-01
6.236308950631263004e-01
6.479200952562217397e-01
6.717552921570536517e-01
6.933204698059292070e-01
7.109698652206353220e-01
7.261789912202221142e-01
7.369048297760415478e-01
7.450768966712960628e-01
7.577890018742726719e-01
7.634640485648703789e-01
7.710686114987033157e-01
7.771409113347195197e-01
7.833267122999262311e-01
7.886612561779932085e-01
7.925202882111962444e-01
7.970035749378543422e-01
