1.097008372988970581e+00
1.092697419925943159e+00
1.088328043547629687e+00
1.083399075525761202e+00
1.077224168994763476e+00
1.066669997187452479e+00
1.048861431321859161e+00
1.033476949874648998e+00
1.005716326352274148e+00
9.776383189816499897e-01
9.568412193584425740e-01
9.386219512752626004e-01
9.218040756616125986e-01
9.057002512478177225e-01
8.897672084395186198e-01
8.742709177812635346e-01
8.585555523331215300e-01
8.420828637480904932e-01
8.940249015102252894e-01
8.275744368381758864e-01
8.127914530236038937e-01
8.014320178819659413e-01
7.911375862103938728e-01
7.812011114795053279e-01
7.723151873185140071e-01
7.621418371366173172e-01
7.534976847785656018e-01
7.448344242863010889e-01
7.364456476482479363e-01
7.280082054295407001e-01
7.197571620619951371e-01
7.116391076233051782e-01
7.038809218611526974e-01
6.963361540864134724e-01
