3.117870721317204663e-01
3.120140742649454846e-01
3.119573235041599446e-01
3.120708245048119389e-01
3.121843256086329066e-01
3.121275750406551364e-01
3.122978263775773589e-01
3.122978265771502726e-01
3.124680779495897509e-01
3.124680778176686657e-01
3.125248283822638640e-01
3.127518300909736260e-01
3.130923331284467537e-01
3.132058338365045769e-01
3.133193350333468019e-01
3.134895864091689077e-01
3.133193348084045149e-01
3.130355825638515554e-01
3.132625845008862320e-01
3.132625843689651468e-01
3.135463367099219911e-01
3.138868396831258067e-01
3.139435901513171756e-01
3.138868393871490636e-01
3.137733386148220394e-01
3.140570910234306568e-01
3.142273424601393916e-01
3.142840928995787042e-01
3.145678453369393779e-01
3.144543443684220674e-01
3.146245956089404605e-01
3.147380966417270276e-01
3.147380964134021131e-01
3.145678453014221776e-01
3.144543440724452688e-01
3.145678450764798351e-01
3.148515973464022233e-01
3.147380966095923993e-01
3.150218488507627868e-01
3.151353497262588399e-01
3.153623517275627730e-01
3.153623517918320296e-01
3.157596051368233847e-01
3.155893537001147053e-01
3.153623518594838582e-01
3.157028546652494438e-01
3.155893536324628768e-01
3.161568582534898253e-01
3.162136087825678232e-01
3.163838599909516436e-01
3.164406104878950132e-01
3.167811134323468281e-01
3.168946143332123655e-01
3.171783665811478969e-01
3.172351171423605232e-01
3.178026220204644425e-01
3.176323704552173055e-01
3.178026216957356986e-01
3.180863742007482009e-01
3.182566254734012223e-01
3.187673798833137728e-01
3.186538787828753772e-01
3.186538789147964068e-01
3.187106293508531474e-01
3.182566254446491660e-01
3.183133762341867068e-01
3.185971283146840083e-01
3.185971284787396662e-01
3.186538788183925774e-01
3.186538788505272057e-01
3.189943817560792483e-01
3.186538788826618340e-01
3.191646330608668425e-01
3.194483854728580874e-01
3.196186368419149937e-01
3.198456386148939568e-01
3.200158901835237768e-01
3.201293912196929159e-01
3.199591396831977796e-01
3.201293909879854294e-01
3.202996423316728514e-01
3.201293911875582876e-01
3.204698938326507873e-01
3.205266444327632414e-01
3.205833949297066110e-01
3.207536462378768327e-01
3.208671469780692842e-01
3.213211508876558375e-01
3.216049032928818829e-01
3.213779014877682916e-01
3.218319052299166150e-01
3.217751545689175319e-01
3.216616538574771367e-01
3.219454060022436392e-01
3.218319050337262732e-01
3.216616537289386235e-01
3.224561601550792189e-01
3.226264116239225821e-01
3.229669145007225683e-01
3.234776687465794609e-01
3.235344193077920871e-01
3.237614211839401346e-01
3.234209180466806055e-01
3.238181714880757900e-01
3.242721751625722848e-01
3.243289256696634260e-01
3.248964304192288877e-01
3.250666818525549950e-01
3.248964302484080302e-01
3.251801826925339034e-01
3.252936838251069274e-01
3.255774361017945151e-01
3.258044377073351927e-01
3.263719424247660261e-01
3.268259461381623487e-01
3.272799500122317018e-01
3.276204527926278587e-01
3.280177060733500127e-01
3.281879575709453212e-01
3.283014585073280589e-01
3.281879576994838343e-01
3.280177059701809283e-01
3.283014585394626872e-01
3.283014583466549730e-01
3.284149595756318818e-01
3.286987116206119275e-01
3.288689631249724354e-01
3.288689629930514058e-01
3.293797172067736700e-01
3.296634698115725737e-01
3.295499687754034346e-01
3.294932184712677237e-01
3.296067194076504614e-01
3.297769705162478249e-01
3.300039724854171297e-01
3.300607231497987848e-01
3.304012257340045999e-01
3.304012257018700272e-01
3.307417286750738428e-01
3.307984792075344682e-01
3.307984791398826396e-01
3.304012257627566562e-01
3.304012259301949417e-01
3.301742240252948379e-01
3.304579761057921394e-01
3.305714772062305351e-01
3.309687303550316040e-01
3.315362351299664945e-01
3.316497360342146039e-01
3.315929856979443202e-01
3.319334885679791070e-01
3.321604902124196679e-01
3.325577434897591944e-01
3.329549970309408913e-01
3.334657509199343561e-01
3.335792520491248081e-01
3.338062538610035990e-01
3.343170080713432357e-01
3.342602577993422086e-01
3.347710118134915591e-01
3.343170082353989492e-01
3.344305090753778020e-01
3.344872594725347703e-01
3.344305091751642589e-01
3.349980137894260634e-01
3.349980135932357772e-01
3.351682652904039994e-01
3.356222688042274083e-01
3.356790193755878060e-01
3.359627718129484797e-01
3.361330231532533297e-01
3.361897736214446986e-01
3.362465238900631537e-01
3.365302764272102842e-01
3.370410307407189499e-01
3.374382838573853904e-01
3.378922876350509141e-01
3.379490381996461679e-01
3.383462912199087236e-01
3.384030419130424350e-01
3.386300436538868253e-01
3.386300437891904824e-01
3.385165427817733441e-01
3.388002951261127604e-01
3.389705464342829822e-01
3.389705463632485261e-01
3.385732933852683701e-01
3.389137961267646992e-01
3.392542989714301127e-01
3.392542986788359416e-01
3.393677996084534798e-01
3.393677997369919375e-01
3.391407978033398329e-01
3.392542987363399987e-01
3.394245501476792493e-01
3.394813007410265038e-01
3.394245502440830786e-01
3.395948016165225569e-01
3.393677998689130226e-01
3.400488055227265938e-01
3.402758072957055568e-01
3.405595595402585163e-01
3.406730606728315403e-01
3.409000624779451871e-01
3.407298109126979946e-01
3.407298108450461660e-01
3.406163099120460558e-01
3.406163101082363420e-01
3.407298109160805666e-01
3.406730604089894254e-01
3.407298110158670235e-01
3.409000625134623874e-01
3.415243175671635045e-01
3.416945691324106971e-01
3.416945688076818977e-01
3.417513193401425231e-01
3.414108167914539083e-01
3.418080698726031486e-01
3.421485727172685065e-01
3.428295784353513342e-01
3.431700810127919499e-01
3.436808352265142141e-01
3.440213381642008850e-01
3.444753418454625238e-01
3.441348390684489944e-01
3.442483402044045904e-01
3.446455934428443446e-01
3.449293455267242181e-01
3.450428467235664987e-01
3.453833493365243701e-01
3.453833493686589429e-01
3.454968502695244803e-01
3.456103513479760747e-01
3.458941036432678917e-01
3.460643548905514844e-01
3.460076045830332014e-01
3.464616083285640968e-01
3.465751093325986631e-01
3.468021111766120823e-01
3.472561147834566930e-01
3.474263662911998285e-01
3.476533682316171325e-01
3.478236194366183254e-01
3.477668689362923282e-01
3.478803700045961511e-01
3.477668691646172427e-01
3.479938709375962613e-01
3.479371206334606059e-01
3.479371203087318065e-01
3.484478745224540708e-01
3.482776234459913356e-01
3.484478747507789853e-01
3.487316271915222310e-01
3.483343736182059613e-01
3.485613755907578382e-01
3.488451279317146825e-01
3.492991316738630059e-01
3.495261336785495110e-01
3.498666363591592110e-01
3.499233867918333796e-01
3.502638897362851944e-01
3.503773905407468470e-01
3.508313942186259138e-01
3.512853979962914375e-01
3.513421485321346349e-01
3.515123999011914857e-01
3.517394018128567335e-01
3.517961521423618731e-01
3.517961524738558166e-01
3.519664036534875806e-01
3.520231541149137500e-01
3.524204075918261903e-01
3.525906587968273831e-01
3.528176605731889737e-01
3.529311617666486822e-01
3.535554167594631703e-01
3.537256682925757345e-01
3.542931728070510822e-01
3.541796719061855447e-01
3.542364226060844001e-01
3.541229216341844621e-01
3.548039269565040899e-01
3.553146812733953830e-01
3.557119346826559947e-01
3.561091879887475775e-01
3.566199422346044701e-01
3.566766924778534964e-01
3.566766925421226975e-01
3.570171952159671980e-01
3.575847000619365446e-01
3.576982011657575677e-01
3.580954541149857229e-01
3.582657057867845163e-01
3.584927074921117063e-01
3.586062084572464448e-01
3.587764597620340945e-01
3.584359569562685088e-01
3.586629589643375859e-01
3.590034617092165425e-01
3.590602122061599122e-01
3.592872139791389308e-01
3.591169627995071667e-01
3.589467112697772300e-01
3.591737131712947062e-01
3.588332105295847785e-01
3.588899607339340325e-01
3.590034618698896285e-01
3.594007149155216685e-01
3.595142160802293207e-01
3.599114693254342190e-01
3.602519722343688335e-01
3.601384709732573519e-01
3.601952214380660933e-01
3.601952214380660933e-01
3.604789740428650524e-01
3.607627261876315550e-01
3.608194768520132656e-01
3.616707336110415727e-01
3.618409852084233380e-01
3.620679869205157275e-01
3.618409853115923669e-01
3.620112366485146449e-01
3.618977357442665355e-01
3.624084899613713717e-01
3.626354916345639334e-01
3.623517394897974309e-01
3.622949888930676043e-01
3.626354918628889035e-01
3.624652401978552541e-01
3.626922423310802168e-01
3.628624935749812375e-01
3.631462459159380263e-01
3.633732479815112160e-01
3.634867486574344109e-01
3.636570000298738337e-01
3.634867486895689837e-01
3.637705010339084000e-01
3.641677543112479265e-01
3.642245047117874668e-01
3.643380058731125470e-01
3.648487598906445251e-01
3.653595143073222751e-01
3.655297655123234679e-01
3.655297655123234679e-01
3.655865162443569516e-01
3.656432664165715218e-01
3.657000170166839759e-01
3.658135179141668858e-01
3.659837693576407647e-01
3.661540206624284144e-01
3.663810226028457184e-01
3.664945236034976572e-01
3.663810225064418336e-01
3.662107713268101250e-01
3.664377731065542876e-01
3.666080245043631947e-01
3.663810226992495478e-01
3.666080246362842798e-01
3.670052779136238064e-01
3.668350265445669001e-01
3.668350264447804432e-01
3.669485274843322098e-01
3.671187788500065441e-01
3.671187788821411169e-01
3.674025308949865898e-01
3.672890301294247095e-01
3.672890301226595655e-01
3.673457807227719640e-01
3.675727824348642980e-01
3.678565349364942283e-01
3.677430339713594898e-01
3.679132852761471395e-01
3.676862835353027492e-01
3.677997843076297735e-01
3.679132853437989681e-01
3.679700355802827949e-01
3.680267862801816503e-01
3.681402871522951870e-01
3.683105384215655809e-01
3.686510412983655671e-01
3.685942907659049972e-01
3.684807900257126012e-01
3.686510414590387086e-01
3.688212927993435586e-01
3.691050450151444617e-01
3.691050452367042323e-01
3.691617955442224597e-01
3.693887975421438208e-01
3.695022984176398739e-01
3.696157991899669537e-01
3.698995517947658573e-01
3.701265533715545897e-01
3.706373078491189688e-01
3.706373076529286825e-01
3.706940583849621662e-01
3.709210602222103859e-01
3.709210600869067287e-01
3.708075591860412468e-01
3.710345609268856371e-01
3.713183133067422537e-01
3.712048122671904871e-01
3.712048124599982013e-01
3.714318142397423639e-01
3.718290675492165187e-01
3.716588160127213825e-01
3.718858180816771442e-01
3.721128198901733075e-01
3.718858180529250879e-01
3.717723169457214927e-01
3.721695705190377623e-01
3.719993188540041684e-01
3.722263209263425021e-01
3.723398218627252398e-01
3.722830713234994704e-01
3.724533225640178635e-01
3.723398216952869544e-01
3.728505761051995049e-01
3.727370751366821944e-01
3.727370750436609370e-01
3.727938255406043067e-01
3.727938254120658490e-01
3.730775777175054375e-01
3.733613301582486832e-01
3.735315816592266192e-01
3.735315814985535332e-01
3.736450826632611855e-01
3.737585835032400383e-01
3.737018331957218109e-01
3.738720844717574043e-01
3.739288350363526026e-01
3.738720844074881478e-01
3.736450824315536989e-01
3.735883320310141587e-01
3.737585835319920946e-01
3.738153338039931217e-01
3.737585836317785515e-01
3.738720844328575765e-01
3.738720843043191189e-01
3.737018331923391834e-01
3.739288349720834015e-01
3.736450826953958138e-01
3.737018329352622681e-01
3.736450826277439852e-01
3.735883321595526163e-01
3.738720842755671181e-01
3.740990864730613374e-01
3.737018330316660975e-01
3.735883322593390732e-01
3.737018329961488972e-01
3.736450826311265572e-01
3.734748312586870789e-01
3.735315815273055895e-01
3.733613301870007395e-01
3.735315816947438194e-01
3.735883320310141587e-01
3.736450825313401003e-01
3.738153339646662632e-01
3.736450827275304420e-01
3.739288347691279157e-01
3.738720846002958620e-01
3.738720844074881478e-01
3.742693378099835599e-01
3.743260881496364711e-01
3.744395890538845806e-01
3.744963394544241209e-01
3.746665908623807995e-01
3.747233414591106260e-01
3.744963395829625785e-01
3.745530900190193191e-01
3.748935926996290191e-01
3.751205946721809514e-01
3.752908462086760877e-01
3.754610976420021951e-01
3.752340956728328902e-01
3.752340955087771768e-01
3.757448497191168690e-01
3.760853526026820548e-01
3.762556041966813036e-01
3.764826060373120953e-01
3.765393564733688359e-01
3.769366096864391613e-01
3.771068610233613838e-01
3.775608647333750789e-01
3.777878667701962123e-01
3.782418704903576789e-01
3.784121217951453287e-01
3.787526247328319995e-01
3.788661255051590238e-01
3.790931273813070712e-01
3.792633787503639220e-01
3.793768799827234028e-01
3.798308834999293837e-01
3.798308836639850972e-01
3.798876341964456671e-01
3.798308834322775551e-01
3.799443846967716643e-01
3.803416377813034766e-01
3.805118890539564980e-01
3.806253902795508348e-01
3.807388910197432308e-01
