1.091835948559179981e+00
1.086048878204618928e+00
1.082108140012055797e+00
1.078813218561692766e+00
1.075929956893213024e+00
1.073285659023462735e+00
1.070804478124838699e+00
1.068415045859993473e+00
1.066086941792065090e+00
1.063808141721579670e+00
1.061580863383766005e+00
1.059373423126497293e+00
1.057173244866967066e+00
1.054971337676975152e+00
1.052760578278860493e+00
1.050514720651336331e+00
1.048259045234651188e+00
1.045991008265877209e+00
1.043698067772260707e+00
1.041378267198609819e+00
1.038966482420743187e+00
1.036571685020758915e+00
1.034334782479495507e+00
1.032148141594684265e+00
1.029963764380694258e+00
1.028044535166478202e+00
1.025947851792657017e+00
1.023933736286614771e+00
1.021999963938219125e+00
1.020064066064039210e+00
1.018137025167435983e+00
1.016198286403491302e+00
1.014232953272222515e+00
1.012318396702248879e+00
1.010357147170739545e+00
1.008341756245042742e+00
1.006495968267599794e+00
1.004487910509366477e+00
1.002700183060888817e+00
1.000494003542827581e+00
9.985525964046673142e-01
9.965488249547540534e-01
9.945428138098282300e-01
9.925753622562172307e-01
9.905762354663670832e-01
9.885815350038295035e-01
9.865918412468881460e-01
9.846306281188283993e-01
9.826163909917088324e-01
9.805741597470776227e-01
9.785798561707655940e-01
9.765546450576503279e-01
9.745185164748779716e-01
9.725045296054077859e-01
9.704996232588386507e-01
9.684669510892406352e-01
9.664602694537932637e-01
