3.335792521489112095e-01
4.009988080744210093e-01
4.271040237350419710e-01
4.348220871130905052e-01
4.359570963517618858e-01
4.382271152688415050e-01
4.416321433315712475e-01
4.455479258008309129e-01
4.513364736527537557e-01
4.568980195033726655e-01
4.661483456900263334e-01
4.753986718766799457e-01
4.874297711941354416e-01
5.010498834349065289e-01
5.132512344884301303e-01
5.282901083595683556e-01
5.414562167871567189e-01
5.533170647068033077e-01
5.631916463040215204e-01
5.586516086491395416e-01
5.463935073878841697e-01
5.527495602210800163e-01
5.585381078345301731e-01
5.598433684168889757e-01
5.663129217332002474e-01
5.680721868323208579e-01
5.677316836916787013e-01
5.807275407755796426e-01
5.829975595742685757e-01
5.907723735202948800e-01
5.962771689957437893e-01
5.996254468862588505e-01
6.041654844024545445e-01
6.119402982199424468e-01
6.117132967395575438e-01
6.106350379115734750e-01
6.192611089481221409e-01
6.177855967751467725e-01
6.277169283162545854e-01
6.226661370362213122e-01
6.278871803770513793e-01
6.277169287695217870e-01
6.390670224111769659e-01
6.301571989694022546e-01
6.363997501575624494e-01
6.454798252525316693e-01
6.464445831441330004e-01
6.462175810785598662e-01
6.512116227360496001e-01
6.504738663857196901e-01
6.567164175620407995e-01
6.549004028437593883e-01
6.556949097908190138e-01
6.642642304200629955e-01
6.662504968101432556e-01
6.702797795274283432e-01
6.705067816572707340e-01
6.780545937339141904e-01
6.766925828254328756e-01
6.836728901491283539e-01
6.820838773712641911e-01
6.912207026181524938e-01
6.903694455952820164e-01
6.976335056489323394e-01
7.047273138481239263e-01
7.099483567255389094e-01
7.089268487581268374e-01
7.177799214712505815e-01
7.178366718075209763e-01
7.236819704269944475e-01
7.335565518178746025e-01
7.342375571148247460e-01
7.402531067431091794e-01
7.493331817213789714e-01
5.361784235092021955e-01
6.160830825298329039e-01
6.719255430373259896e-01
7.104023607991811762e-01
7.598320188610827586e-01
7.556892346831133311e-01
7.644855572527744503e-01
7.705578573323372815e-01
7.836104644446927336e-01
7.878099996828070717e-01
7.915555303838641699e-01
7.984223372345918834e-01
8.061971514410778417e-01
8.115884457230669868e-01
7.991033424605076263e-01
8.173769930862052613e-01
8.180012483039621474e-01
8.258895637715595317e-01
8.270813237354992520e-01
8.331536237677057422e-01
8.367289028037291354e-01
8.409851881210368418e-01
