3.488451278319282256e-01
3.586629589322030132e-01
3.648487600259481822e-01
3.709778106870191827e-01
3.788093753363270255e-01
3.843141704836644523e-01
3.899892175023735863e-01
3.956642640931849475e-01
4.018500652579645172e-01
4.065036037494427212e-01
4.100221326775207453e-01
4.108166393641208836e-01
4.119516484285887792e-01
4.134839112050592291e-01
4.139946655507025786e-01
4.137676635071162456e-01
4.111003914412355575e-01
4.102491343862305073e-01
4.084898700008367523e-01
4.075251119130450794e-01
4.064468533421379814e-01
4.060496000005291983e-01
4.058225980922465781e-01
4.056523467908415004e-01
4.053685943213461984e-01
4.053118436857165996e-01
4.053118437855030565e-01
4.054253448504242519e-01
4.057090972556502972e-01
4.065036036817908927e-01
4.067873561157689388e-01
4.078088644180575817e-01
4.087168720697925139e-01
4.096248793680465905e-01
4.108733895684701376e-01
4.122921515015791072e-01
4.135974122412284237e-01
4.146189205367518671e-01
4.152431757189914974e-01
4.158106805649607884e-01
4.181374495646163481e-01
4.197264626384573094e-01
4.212587253117587305e-01
4.225639862120811330e-01
4.239827479845170166e-01
4.252880085567280477e-01
4.264797684208812556e-01
4.272175245716382519e-01
4.281255320660826147e-01
4.292605413622580524e-01
4.313603085889345934e-01
4.325520684564704288e-01
4.341410815945805912e-01
4.348788375812818741e-01
4.361840987488290189e-01
4.372623575412958319e-01
4.379433630598057459e-01
4.404971340962824389e-01
4.408376370085996809e-01
4.424266500469233865e-01
4.441291640283950293e-01
4.460586799147667203e-01
4.463991827915667621e-01
4.491799556974263030e-01
4.500312127524313532e-01
4.517337268015548246e-01
4.529822371981686580e-01
4.558765108797378507e-01
4.562737644209195476e-01
4.584302819838663723e-01
4.599625445218641362e-01
4.614380567624913887e-01
4.642755803361152123e-01
4.653538390068087671e-01
4.669428522768400147e-01
4.689858692636501014e-01
4.715963908325874199e-01
4.720503943785454015e-01
4.734124055542514586e-01
4.761364279919196862e-01
4.784064467550913635e-01
4.807899665510496634e-01
4.820952275156413225e-01
4.842517449145324893e-01
4.857840076521031669e-01
4.878837748145104514e-01
4.911753018376884272e-01
4.931615684814630862e-01
4.962260940952906152e-01
4.980421086850336243e-01
5.014471370369748549e-01
5.040009081732380603e-01
5.071221836599208999e-01
5.093922023875753213e-01
5.140457408756708979e-01
5.144997446567191046e-01
5.379944382951354909e-01
5.570058451358592677e-01
5.546790763323941054e-01
5.559843368403358799e-01
5.519550534668280495e-01
5.502525392248969194e-01
5.470745136624033389e-01
5.418534705887979586e-01
5.465070085881090778e-01
5.457125018372397385e-01
