1.098071711550884011e+00
1.096997123626201054e+00
1.095976035641349267e+00
1.094966136646774002e+00
1.093995762320546072e+00
1.093062287825784740e+00
1.092227022586023999e+00
1.091499595066778738e+00
1.090858140866363124e+00
1.090282223544091877e+00
1.089772077094114167e+00
1.089337866332418470e+00
1.088971271125759310e+00
1.088672485066612960e+00
1.088420435678850051e+00
1.088203142851694283e+00
1.088017118700340458e+00
1.087854440113072085e+00
1.087711702383008960e+00
1.087580071358301703e+00
1.087463579960723514e+00
1.087355691359266574e+00
1.087251018201930819e+00
1.087156329020476431e+00
1.087064769297667377e+00
1.086979025217063466e+00
1.086897049302796736e+00
1.086815130053702561e+00
1.086736616451849491e+00
1.086658466268861645e+00
1.086579924090875560e+00
1.086498802734229052e+00
1.086423201367760605e+00
1.086343588044820452e+00
1.086266958309650033e+00
1.086190249056518731e+00
1.086113390468737894e+00
1.086038130960496506e+00
1.085954953272357137e+00
1.085879843991769178e+00
1.085800691398086659e+00
1.085725424197832245e+00
1.085644174086222824e+00
1.085565213170470278e+00
1.085485241793455069e+00
1.085402960525888583e+00
1.085326046172704340e+00
1.085245921848432049e+00
1.085161984552015735e+00
1.085079239943831153e+00
1.084999275115513084e+00
1.084914820417901327e+00
1.084832127854269412e+00
1.084749434627649611e+00
1.084661450398765936e+00
1.084572040015185479e+00
1.084484527854005842e+00
1.084397407606642494e+00
1.084304042134718760e+00
1.084210160661992495e+00
1.084119634009687472e+00
1.084018049023085295e+00
1.083912451904116780e+00
1.083803058232103433e+00
1.083698939143254991e+00
1.083597305467630667e+00
1.083486691823402737e+00
1.083378442570040345e+00
1.083265472551688591e+00
1.083154437247134894e+00
1.083040149973237165e+00
1.082921104326697970e+00
1.082797184034316906e+00
1.082677020420992120e+00
1.082547564219957570e+00
1.082414198426435492e+00
1.082272972261504540e+00
1.082137331154281457e+00
1.081986044993107576e+00
1.081840394351141654e+00
1.081683416323550695e+00
1.081523955392618364e+00
1.081357018170011175e+00
1.081183977291063192e+00
1.081006304636343174e+00
1.080821332633309373e+00
1.080624941062267030e+00
1.080424969741999197e+00
1.080211697869008391e+00
1.079999118270428049e+00
1.079764922863576171e+00
1.079520200087814352e+00
1.079264152165702928e+00
1.078994033535671138e+00
1.078707954289727766e+00
1.078407732624923954e+00
1.078096329404779841e+00
1.077755390038373173e+00
1.077384974864370681e+00
1.077001867672620516e+00
1.076580398977496245e+00
1.076138407423238963e+00
1.075645750134914369e+00
1.075130208634158535e+00
1.074562240016290637e+00
1.073948358611320097e+00
1.073278412666827331e+00
1.072536521159278555e+00
1.071742750460318971e+00
1.070824002713568701e+00
1.069826341400581526e+00
1.068775937550590527e+00
1.067748487249391420e+00
1.066776501909841190e+00
1.065920770780553584e+00
1.065208156136864037e+00
1.064513100579759008e+00
1.063946628332422151e+00
1.063384170233476089e+00
1.062882561870644338e+00
1.062456252369123888e+00
1.062001583579043729e+00
1.061560564465720669e+00
1.061176810563067230e+00
1.060797128942022161e+00
1.060423965392132573e+00
1.060039695901352719e+00
1.059637870219487077e+00
1.059307593816553039e+00
1.058843936459321844e+00
1.058495027308201220e+00
1.058081702188576667e+00
1.057642567117830890e+00
1.057255681503726175e+00
1.056821049710866767e+00
1.056396750747315316e+00
1.055975175791461718e+00
1.055795985672369763e+00
1.055255991505626767e+00
1.054892735525641889e+00
1.054360863170804574e+00
1.053878903003361511e+00
1.053363307225542611e+00
1.052960845589414607e+00
1.052533337513952949e+00
1.052276533014366633e+00
1.051622296413358582e+00
1.051141716113230373e+00
1.050633099710864826e+00
1.049914428056771376e+00
1.049389444775725044e+00
1.052595815426658810e+00
1.048603230129947939e+00
1.048449435398328466e+00
1.047514601981258897e+00
1.046835465975404666e+00
1.046164513554342257e+00
1.045677663844124750e+00
1.045336469491205511e+00
1.044557159945937785e+00
1.044387077325914293e+00
1.043501220762333981e+00
1.042439815662659530e+00
1.041888886890050880e+00
1.040859074876998580e+00
1.039814278842791095e+00
1.039156327479800801e+00
1.038508180551500182e+00
1.054005757355607420e+00
1.045007942307516924e+00
1.040480110669784075e+00
1.038924094747248228e+00
1.037960071020070707e+00
1.036891211974120930e+00
1.036079447288788202e+00
1.035001544931826389e+00
1.034089535151739625e+00
1.033207644135475389e+00
1.031959149016336008e+00
1.033130815991017970e+00
1.031189474417628649e+00
1.029860156956166062e+00
1.029419878569494129e+00
1.028591226275815229e+00
1.030505088853021611e+00
1.027669144531876855e+00
1.028329476786014274e+00
1.026055892850895157e+00
1.025097903264420518e+00
1.025422805290975514e+00
1.025319662431563472e+00
1.023018843547472967e+00
1.021905343998412707e+00
1.021720597952491039e+00
1.020334580464041352e+00
1.038693873547146485e+00
1.023814503014490285e+00
1.018774724366560580e+00
1.017566062313400410e+00
1.015773289455714545e+00
1.068781640762219487e+00
1.043056233010005940e+00
1.033259990740144518e+00
1.018890960737035334e+00
1.019002288459858852e+00
1.017568518013940881e+00
1.033381522111106232e+00
1.014562398910684893e+00
1.012592796241984727e+00
1.012211430563936698e+00
1.010124603642297503e+00
1.007699333743985237e+00
1.006878641865241342e+00
1.005138989183839371e+00
1.003353063685825886e+00
1.003440291716084953e+00
1.003361557159972550e+00
1.003317470292377722e+00
1.003265227932413461e+00
1.009004362953703104e+00
1.000256107097166947e+00
9.981066640568986292e-01
1.005491566681021576e+00
9.981782268594311391e-01
9.985761111896578335e-01
9.929468866969797247e-01
9.911574072995052997e-01
9.886988311503681626e-01
9.984893233123522949e-01
1.110044549660368585e+00
1.045619219360581109e+00
1.041091857625693784e+00
1.036544273872596289e+00
1.029404933224890240e+00
1.018861202652179276e+00
1.010960105923922825e+00
1.006405660252478906e+00
1.001695484486159859e+00
