3.903297203757910006e-01
3.978207818523221140e-01
4.013960614515469927e-01
4.032688268984793711e-01
4.049145906367019876e-01
4.050280916086019256e-01
4.050280913447597553e-01
4.048578400687241619e-01
4.050280915088154687e-01
4.052550933815808887e-01
4.048578402006452470e-01
4.049713410051068996e-01
4.048578402006452470e-01
4.048578402006452470e-01
4.045740878918230310e-01
4.044038361912721813e-01
4.042335848543499588e-01
4.042335848898671591e-01
4.041768345857314482e-01
4.040633333855065956e-01
4.040065828851805985e-01
4.039498324778759142e-01
4.038930821771228308e-01
4.039498325167756865e-01
4.039498324846411137e-01
4.038930822802918597e-01
4.038363317732007185e-01
4.038363314772239199e-01
4.037228306084930662e-01
4.037228307691661522e-01
4.037228305442238097e-01
4.037228307759313517e-01
4.037228308402005528e-01
4.037228307116620951e-01
4.037228308689526091e-01
4.037228307404140959e-01
4.037228308723351811e-01
4.037228306406276945e-01
4.037228305763584379e-01
4.037228306693796953e-01
4.037228308080659245e-01
4.037228307370315239e-01
4.037228306372450670e-01
4.037228305374586101e-01
4.037228306440102665e-01
4.037228308368179808e-01
4.037228308723351811e-01
4.037228307759313517e-01
4.037228306084930662e-01
4.037228307404140959e-01
4.037228305763584379e-01
4.037228305729758104e-01
4.037228307759313517e-01
4.037228308689526091e-01
4.037228306084930662e-01
4.037228305442238097e-01
4.037228306084930662e-01
4.037228307116620951e-01
4.037228308689526091e-01
4.037228308723351811e-01
4.036660803043573553e-01
4.036660802756053545e-01
4.036660802367055267e-01
4.036660802722227270e-01
4.036660803720091839e-01
4.036660802722227270e-01
4.036660801724363257e-01
4.036660803398746111e-01
4.036660804041438122e-01
4.036660802045708984e-01
4.036660802722227270e-01
4.036660801081670691e-01
4.036660803686266119e-01
4.036660802045708984e-01
4.036660802367055267e-01
4.036660801724363257e-01
4.036660802045708984e-01
4.036660803077399828e-01
4.036660801081670691e-01
4.036660801369190699e-01
4.036660804007612402e-01
4.036660802722227270e-01
4.036660802045708984e-01
4.036660804007612402e-01
4.036660802045708984e-01
4.036660801436842694e-01
4.036660801758188977e-01
4.036660803973786127e-01
4.036660801047844971e-01
4.037228308368179808e-01
4.037228306761448948e-01
4.037228305797410099e-01
4.037228306727622673e-01
4.037228306727622673e-01
4.037228308046833525e-01
4.037228308046833525e-01
4.037228307116620951e-01
4.037228308655699816e-01
4.037228305442238097e-01
4.037228307404140959e-01
4.037228306406276945e-01
4.037228307082795231e-01
4.037228307691661522e-01
4.037228308757177531e-01
4.037228305763584379e-01
4.037228308402005528e-01
4.037228308013007805e-01
4.037228308046833525e-01
4.037228305408412377e-01
4.037228306727622673e-01
4.037228307725487242e-01
4.037228306084930662e-01
4.037228305408412377e-01
4.037228306051104387e-01
4.037228308114485520e-01
4.037228306372450670e-01
4.037228305763584379e-01
4.037795811443362637e-01
4.037795812018403208e-01
4.037795811443362637e-01
4.037795810124151785e-01
4.037795811409536362e-01
4.037795811764708365e-01
4.037795811122016354e-01
4.037795812728747213e-01
4.038363316412796333e-01
4.038363318053353468e-01
4.038930821483707745e-01
4.038930820130671173e-01
4.040065829494498550e-01
4.040065830813709402e-01
4.040065828817980265e-01
4.040633333533719673e-01
4.040633333567545948e-01
4.040633334852930525e-01
4.040633336814833387e-01
4.040633333821240236e-01
4.041200839534844214e-01
4.041200839534844214e-01
4.041200838858325928e-01
4.041200839822364221e-01
4.041200841175400793e-01
4.041200839534844214e-01
4.041768346178660765e-01
4.041768344825624193e-01
4.041768346178660765e-01
4.041768343540239616e-01
4.041768342863721331e-01
4.042335849896536160e-01
4.042335850150230447e-01
4.042335849253843594e-01
4.043470859869229828e-01
4.043470858228672693e-01
4.043470859547883545e-01
4.043470858905190979e-01
4.043470858939016699e-01
4.043470858905190979e-01
4.043470858583844696e-01
4.044038364872489244e-01
4.044038362910586382e-01
4.044038361591375530e-01
4.044605867947672073e-01
4.044605869588229208e-01
4.045173371631721193e-01
4.045740876990153168e-01
4.046308382314759422e-01
4.047443389716683382e-01
4.047443391035894233e-01
4.047443391357240516e-01
4.047443392997797096e-01
4.047443390393201668e-01
4.048010896715671936e-01
4.048578399368030767e-01
4.049145905047809024e-01
4.049145906367019876e-01
4.049145905369155307e-01
4.049145904083770175e-01
4.049145904049944455e-01
4.050848419482547813e-01
4.051415923132771213e-01
4.051415924773327792e-01
4.051415925771192361e-01
4.051983427848510622e-01
4.051983428812549470e-01
4.052550934458501453e-01
4.052550934813673456e-01
4.052550934492327173e-01
4.053118439427935149e-01
4.053685943179636264e-01
4.053685944498847116e-01
4.054820952543463641e-01
4.054820952222117358e-01
4.055955961585944736e-01
4.055955960909426450e-01
4.056523465946512141e-01
4.057090969309214978e-01
4.057658476274377812e-01
4.058793485959551472e-01
4.058793484318994338e-01
4.058793484031474330e-01
4.059928494646860564e-01
4.059928495999897136e-01
4.060496000681810269e-01
4.060495998364735404e-01
4.060496000647984549e-01
4.061631007728562781e-01
4.061631007441042218e-01
4.062766018732946738e-01
4.062766018056428452e-01
4.063333523093514144e-01
4.064468532778687804e-01
4.064468532812513524e-01
4.065036037105428934e-01
4.066171046181736304e-01
4.066171045860390021e-01
4.067306053549834544e-01
4.067873559263438521e-01
4.067873559550958529e-01
4.068441064232872217e-01
4.068441063268833924e-01
4.068441064909390503e-01
4.069008568914785906e-01
4.069576075558602457e-01
4.070711083637045258e-01
4.071278586999748095e-01
4.071278587321094378e-01
4.071278586644576092e-01
4.072413597040093758e-01
4.073548605727402294e-01
4.073548606048748577e-01
4.073548605084710283e-01
4.074116112049873117e-01
4.074116112692565683e-01
4.074116110409315983e-01
4.074683617408305092e-01
4.074683615091229671e-01
4.074683617374478817e-01
4.075251120771007929e-01
4.075251121126179932e-01
4.074683615733922237e-01
4.074683615733922237e-01
4.075818624455057049e-01
4.075818625452921617e-01
4.076386128494278172e-01
4.077521140784047260e-01
4.077521140175180969e-01
4.077521139143490125e-01
4.079223653865749477e-01
4.081493671274193380e-01
4.082061176311279072e-01
4.083196187281837308e-01
4.083196185641280174e-01
4.083196187281837308e-01
4.084898701361404094e-01
4.084898701327578374e-01
4.085466204047588645e-01
4.085466206009491508e-01
4.086033710370058913e-01
4.086601214087934308e-01
4.086601214087934308e-01
4.087168719412540008e-01
4.088303729419059951e-01
4.088303726814464523e-01
4.088871233103109071e-01
4.088871232172896497e-01
4.088871234743665650e-01
4.088871234456145642e-01
4.088871234422319922e-01
4.090006242179415885e-01
4.090006243853798740e-01
4.090006241536723874e-01
4.090573746506157571e-01
4.091141250224032411e-01
4.093411271234936311e-01
4.094546280277417405e-01
4.095681289641244782e-01
4.096248795608543047e-01
4.097383804684849862e-01
4.098518811731601819e-01
4.099086315770823497e-01
4.099653823412504616e-01
4.099653820452737185e-01
4.100221325777342884e-01
4.101356337779591410e-01
4.104193858905910708e-01
4.104193858229391867e-01
4.105328867914565527e-01
4.106463877633564907e-01
4.107031381605134590e-01
4.107031383922209455e-01
4.108733898610642532e-01
4.108733898644468807e-01
4.109301401719651636e-01
4.111571421411344684e-01
4.113273935457085195e-01
4.114408942148665149e-01
4.114408945142258855e-01
4.115543954793606241e-01
4.116111457868789070e-01
4.117246466556098161e-01
4.118948980314318664e-01
4.119516485926444926e-01
4.120083991606223184e-01
4.120651494004887172e-01
4.121219001646568292e-01
4.121219000293531720e-01
4.121786504721751121e-01
4.122921515370963075e-01
4.124056523060407597e-01
4.125191533422099543e-01
4.126894046182455478e-01
4.127461551507061732e-01
4.127461552826272029e-01
4.128029055224936572e-01
4.128029054903590289e-01
4.128596561192234837e-01
4.129731570911234217e-01
4.128596561513581120e-01
4.130299075559322186e-01
4.133704103329457480e-01
4.134271607690024886e-01
4.134839112371938574e-01
4.135406616123639689e-01
4.135974120771727103e-01
4.137676635747680742e-01
4.138811646752064699e-01
4.139379150469940094e-01
4.140514159123422910e-01
4.142784176920865091e-01
4.143919187603902765e-01
4.147324217014595193e-01
4.146756709051567791e-01
4.147324216016730625e-01
4.149594234744385379e-01
4.150729242789001905e-01
4.152999262514520673e-01
4.155269279280272010e-01
4.157539300967694196e-01
4.158674308335792436e-01
4.160944328704003770e-01
4.163214346755140238e-01
4.163781850473015078e-01
4.167186879883707507e-01
4.167754384531795475e-01
4.169456899609226830e-01
4.172294422984968998e-01
4.173429431418583246e-01
4.174564440072066618e-01
4.175131946428363161e-01
4.176266955081845977e-01
4.177969469161412763e-01
4.180806992249634924e-01
4.182509504367298292e-01
4.183077010977289123e-01
4.184212019410903927e-01
4.186482039711463266e-01
4.187617049430462646e-01
4.187049543716858668e-01
4.189887067802944842e-01
4.192157083604657886e-01
4.192724588607917857e-01
4.194994608654782908e-01
4.196697123664562268e-01
4.197264626672093102e-01
4.198967143034909033e-01
4.202372169874832308e-01
4.202939672882363142e-01
4.206344702293055571e-01
4.207479710371497816e-01
4.209749728743980568e-01
4.210317234745104553e-01
4.212587253117587305e-01
4.212587253151413025e-01
4.217127292568624841e-01
4.218262301932452218e-01
4.221099823380117244e-01
4.223369841752599996e-01
4.225072356187338785e-01
4.225639863118675343e-01
4.226774872161156438e-01
4.227342376521723843e-01
4.229044888571735772e-01
4.229612393930167746e-01
4.230747402296130555e-01
4.232449917661082472e-01
4.233584925739524718e-01
4.235287442711207495e-01
4.239259973776394186e-01
4.243232508257998026e-01
4.245502525666441929e-01
4.246070029705663051e-01
4.247205039390836712e-01
4.251177572840750263e-01
4.251745075560760534e-01
4.254582600932231840e-01
4.256852618306850022e-01
4.259122638353715073e-01
4.260825152365629864e-01
4.264230178529034854e-01
4.265365189212072528e-01
4.266500197611861056e-01
4.266500197222863333e-01
4.268202711014909556e-01
4.268770217303554104e-01
4.271607739072565413e-01
4.273310255722901907e-01
4.278417796896085701e-01
4.280120309656442190e-01
4.283525340640039758e-01
4.286930367090964200e-01
4.288632881779397832e-01
4.293740424305618197e-01
4.295442937387320415e-01
4.297145452041927771e-01
4.297145449758678626e-01
4.299415468486333380e-01
4.301117983174766457e-01
4.301685487535333863e-01
4.304523012619284605e-01
4.308495543752123291e-01
4.310765565439545477e-01
4.315305601863164142e-01
4.317575620945990345e-01
4.319278133960041122e-01
4.320413143712866222e-01
4.322683163438385545e-01
4.324953180559308885e-01
4.325520685494916862e-01
4.326655693252013379e-01
4.328358207619100173e-01
4.331763235710581750e-01
4.334600761403399338e-01
4.334600761403399338e-01
4.335735771376093006e-01
4.336303273774757550e-01
4.336870777526458665e-01
4.340275806903324818e-01
4.342545825952325855e-01
4.346518360044931972e-01
4.347653369121238787e-01
4.349923388136413549e-01
4.352760909262732292e-01
4.354463422953301355e-01
4.356733443321512689e-01
4.360138471446819985e-01
4.360705976805251960e-01
4.362408490174474740e-01
4.364111003222351237e-01
4.364678507227746640e-01
4.369218545359573880e-01
4.369218547000130459e-01
4.370353554402054974e-01
4.372056068092623482e-01
4.373758583136229117e-01
4.376596105226586153e-01
4.382271152045722484e-01
4.382838659044711593e-01
4.386243688134057739e-01
4.390783723593637555e-01
4.394188750332082560e-01
4.395891265121993907e-01
4.399296294465034340e-01
4.402133818551121069e-01
4.404403837921467835e-01
4.406106350360477486e-01
4.408376368411613955e-01
4.408943872450835078e-01
4.413483912476913740e-01
4.416321433603232482e-01
4.420293968693703168e-01
4.422563984816761939e-01
4.424266501856096712e-01
4.427104023236109742e-01
4.431076557650062142e-01
4.436751602507295056e-01
4.440156632560680050e-01
4.442426649005085104e-01
4.446399184383075798e-01
4.448669200827481407e-01
4.452074228597616701e-01
4.454911752362357147e-01
4.456614267016964503e-01
4.460019294431927794e-01
4.461721808832840863e-01
4.462856820158571103e-01
4.463424322557235646e-01
4.466829350293545220e-01
4.472504399751102699e-01
4.474206911547420340e-01
4.478746948968903574e-01
4.481016968339250339e-01
4.483854490463433651e-01
4.485557005828385013e-01
4.486692016798943250e-01
4.488962035205251722e-01
4.492934568333819545e-01
4.493502070698657813e-01
4.496907098113621104e-01
4.498609611838015887e-01
4.502014640927362032e-01
