4.088871231496378211e-01
5.139889901182680410e-01
6.055842461106212271e-01
6.477498442406457446e-01
6.756710745299094878e-01
7.177231713311706951e-01
7.619317855955922703e-01
8.049486409480600679e-01
8.369559046156079818e-01
8.674876569592109288e-01
8.841722941542042857e-01
9.039782080772914563e-01
9.160660576058613502e-01
9.236138695472012605e-01
9.344532090394033208e-01
9.405255093320694648e-01
9.456330514050228508e-01
9.534078659396201250e-01
9.580614037427409579e-01
9.631689463366134296e-01
9.667442259003210525e-01
9.710572611547532151e-01
