1.083349863967778548e+00
1.020780946345031914e+00
9.797707114200181477e-01
8.527595090186864679e-01
7.537559463260569137e-01
6.767365600057333452e-01
5.961692107027541931e-01
5.227459017203213154e-01
4.633315002956804873e-01
3.989502730085971449e-01
3.624587901945884316e-01
3.133847875361288060e-01
2.691044373701287351e-01
2.372328116809068188e-01
2.050488562560515704e-01
1.936961202759875655e-01
1.678620568038413086e-01
1.369662623042572080e-01
1.229225276732010402e-01
1.193340045627390295e-01
9.788415027807373381e-02
8.529130250019339998e-02
8.304968494561465464e-02
6.771177540037325027e-02
6.552174934526150407e-02
