3.953237614125752475e-01
4.356165937354213868e-01
5.207990467578813565e-01
6.059247491125770990e-01
6.739685603556301308e-01
7.187446798228843692e-01
7.483116736863151264e-01
7.712956133714687912e-01
7.687985928995872964e-01
7.787866748479997936e-01
8.106804380358147988e-01
8.322456158842633789e-01
8.446739684858236563e-01
8.677714094354713747e-01
8.803132629023798783e-01
8.983599111377756907e-01
9.090857502821659830e-01
9.154418027162160021e-01
9.284944098116584277e-01
9.325236935775468305e-01
9.399012539857741766e-01
9.468815620976134273e-01
9.568696441711818101e-01
9.518188526340716216e-01
9.651552123309304898e-01
