3.100278076888226542e-01
3.536689178886535667e-01
3.979342828242220520e-01
4.255150105225147805e-01
4.367516031313832814e-01
4.425969015191493217e-01
4.481016968373076059e-01
4.528687361298648906e-01
4.551387548220021673e-01
4.587140342250367597e-01
4.628568185636793286e-01
4.667726007115928222e-01
4.722773962191762487e-01
4.765904318017198382e-01
4.842517449145324893e-01
4.924805632623124874e-01
4.999716247642130296e-01
5.088814482381223137e-01
5.169967652571390015e-01
5.263605921163332368e-01
5.366324275151925782e-01
5.492877813366781048e-01
5.584813574373732603e-01
5.699449519545244369e-01
5.791385280619847364e-01
5.889563587275964407e-01
6.009307077155469079e-01
6.087622721331471531e-01
6.165370866677444273e-01
6.285114355237737538e-01
6.370240056205571655e-01
6.438908118759487653e-01
6.508143693944408170e-01
6.577946765895977821e-01
6.574541742337168815e-01
6.647749841771354307e-01
6.781113441344537307e-01
6.804948641299849443e-01
6.938312240906859829e-01
7.039328076892079622e-01
7.068838320351589211e-01
7.138641393588542883e-01
7.231144655421253287e-01
7.307190285469926661e-01
7.397423531213404013e-01
7.470631629260726658e-01
7.534759658350792533e-01
7.605130238874255877e-01
7.629532945439558844e-01
7.727711254801749030e-01
7.748141425278717298e-01
7.825889560882826057e-01
7.865047386505635840e-01
7.918392827282034752e-01
7.964360703878617942e-01
8.014868619283544993e-01
8.050053912809478351e-01
8.090346745225345249e-01
8.110776911169640391e-01
8.184552523099525301e-01
8.228250385568778302e-01
8.264003179210125394e-01
8.296918446194617713e-01
8.346858861450304756e-01
8.332671245721674502e-01
8.368991542759550706e-01
8.450712221555437553e-01
8.485330001232633812e-01
8.488167524676027975e-01
8.538675443970935586e-01
8.479654957051918629e-01
8.610748537931274260e-01
8.640258783995378167e-01
8.669769023531079810e-01
8.676011573746745809e-01
8.701549287037454450e-01
8.735032064589568490e-01
8.760002272555671432e-01
8.795187561515105390e-01
8.807105159158773455e-01
8.846262982887331816e-01
8.859315591890555286e-01
8.885420805296679880e-01
