3.664377731674409167e-01
4.095681287679341365e-01
4.100788832810157714e-01
4.076953635814613008e-01
4.061063504365859389e-01
4.058225979992253207e-01
4.058225978673042356e-01
4.055388456870205327e-01
4.061063504044513661e-01
4.062766016128351310e-01
4.063333521774303292e-01
4.065603542785207192e-01
4.066171045505218018e-01
4.073548606048748577e-01
4.076386130101009031e-01
4.083196184964761888e-01
4.097383802367774996e-01
4.117246468551826744e-01
4.154134270271617191e-01
4.226207367800589032e-01
4.353895920267116249e-01
4.513932239535068391e-01
4.680778618047229389e-01
4.851597527979749080e-01
5.006526300932977458e-01
5.151807504103190771e-01
5.303331250825362719e-01
5.431019806928176763e-01
5.537143183088716336e-01
5.634186484372465387e-01
5.724419726801002195e-01
5.793655300024019850e-01
5.881618523082210448e-01
5.948016569580719670e-01
6.009874581194689647e-01
6.028602233735936844e-01
6.091027748103742256e-01
6.130753080404195421e-01
6.178990975119565965e-01
6.183531015788336083e-01
6.234606437262040224e-01
6.269791727473033038e-01
6.284546845955499839e-01
6.324272176902915321e-01
6.346972363604420631e-01
6.381022643842719777e-01
6.395210258285964899e-01
6.357754949313491055e-01
6.478065943164564855e-01
6.461608310670182709e-01
6.492821064251625973e-01
6.508143694553274461e-01
6.538221441409312051e-01
6.547869017044211093e-01
6.573974237012563115e-01
6.582486807241266780e-01
6.593269394235723446e-01
6.605186995870848676e-01
6.615402075544969396e-01
6.631292211205049858e-01
6.639804779505676935e-01
6.671017537653618490e-01
6.679530108525015830e-01
6.696555245701310000e-01
6.708472843378804340e-01
6.707337838615301528e-01
6.725497987117327048e-01
6.735145565390647793e-01
6.741388113610583543e-01
6.758413255387203389e-01
6.773168379721552501e-01
6.775438397806514690e-01
6.793598545665847643e-01
6.817433741020835214e-01
6.812893708132025106e-01
6.821973782366125283e-01
6.843538960955360961e-01
6.858294082042423190e-01
6.817433741663527780e-01
6.884966797458212939e-01
6.900289429823242005e-01
6.917314570889516734e-01
6.927529652559366591e-01
6.942284770365314550e-01
6.963282448839136496e-01
6.972362524426272135e-01
6.988252651562222306e-01
7.003007776539263984e-01
7.012087846240691036e-01
7.018330399060951352e-01
