1.086781085819508386e+00
1.047939662866780308e+00
9.823212238995537859e-01
8.561837383705075410e-01
7.867665513609995998e-01
6.682113814378297656e-01
6.155178172960027450e-01
5.700508320137412932e-01
5.908835626279013153e-01
5.680050786507873095e-01
5.102105004418336920e-01
4.589781956294224363e-01
5.117292412073155550e-01
3.736545728907182951e-01
3.438393777787810413e-01
2.915496022028398193e-01
2.664491789940097721e-01
2.494659657548284615e-01
2.200031087498450777e-01
2.064119766029595404e-01
1.850542359193197706e-01
1.715782586438425461e-01
1.449995216737573756e-01
1.580124911277933086e-01
1.197444333164072588e-01
