3.869246920272323420e-01
4.065036037494427212e-01
4.075251119451797077e-01
4.074116111373354832e-01
4.080926166304759128e-01
4.087168717416811425e-01
4.099653820452737185e-01
4.106463879595467770e-01
4.127461551507061732e-01
4.143919186318518189e-01
4.155836783996011974e-01
4.177969469195238483e-01
4.217127290572896259e-01
4.269905227343899767e-01
4.325520685528742582e-01
4.412348900153318931e-01
4.516202256977338014e-01
4.626298165945100238e-01
4.737529084598035012e-01
4.854435048429549537e-01
4.959423416190301137e-01
5.057034216946771910e-01
5.164860109081130801e-01
5.268713465938976714e-01
5.361216727805512283e-01
5.452017476877866198e-01
5.556438337707281239e-01
5.634753989020552245e-01
5.708529596383938864e-01
5.770955107470632228e-01
5.848135744853577567e-01
5.916803811398951840e-01
5.970716758142650127e-01
5.997389476907205585e-01
6.070597585440561383e-01
6.125645537624280212e-01
6.182963505964883533e-01
6.255036602529817635e-01
6.296464444884553036e-01
6.354349925754682049e-01
6.454798254487219555e-01
6.467850856894390432e-01
6.594404406880663982e-01
6.671585042978224189e-01
6.589296864777267615e-01
6.789626014888181516e-01
6.859996595411644860e-01
6.925259631260942683e-01
6.982577606096121992e-01
7.039328072934447622e-01
7.030815502773395398e-01
7.096078540516944644e-01
7.189149312274585313e-01
7.193689347767990849e-01
7.231712161456204102e-01
7.258952386864576667e-01
7.333863002204927817e-01
7.319675389791236997e-01
7.366210771712425887e-01
7.403666082714454033e-01
7.350320639333459694e-01
7.451903975400269164e-01
7.471766641939493470e-01
7.481414224779312505e-01
7.496169342585261575e-01
7.514896997731103090e-01
7.450768967355653194e-01
7.553487319382343745e-01
7.342943082392388021e-01
7.563702399766808471e-01
7.575052492018218286e-01
7.585835086251420112e-01
7.584132569601084173e-01
7.569944953838627644e-01
7.614210315104084081e-01
7.576755010055417072e-01
7.577322512775427343e-01
7.569944951944376221e-01
7.585267579607603006e-01
7.635207986981852324e-01
7.639180522427494457e-01
7.600022702013875531e-01
7.615345329710928590e-01
7.668690767206214343e-01
7.520572045869450273e-01
7.686850915031721021e-01
7.703876057451032322e-01
7.713523637077390749e-01
7.726008742041393651e-01
7.732818795619761376e-01
7.626127914100788718e-01
7.751546446807970892e-01
7.757221496265529481e-01
7.766301572495357686e-01
7.772544125281791727e-01
7.783894215672777506e-01
7.793541799831806838e-01
7.803756882144349261e-01
7.706146074927128220e-01
7.727711251520635871e-01
7.840644683864139708e-01
7.851994778821622667e-01
7.857102320958845310e-01
7.791271775218443496e-01
7.875829974142783962e-01
7.822484534076729057e-01
7.840644685183350004e-01
7.842914704519871050e-01
7.909312752337591679e-01
7.919527836645862129e-01
7.931445431008417035e-01
7.943363031967024535e-01
7.951875600876517902e-01
7.913285283182909247e-01
7.977980818849139677e-01
7.943363033928927397e-01
7.954145618284961250e-01
8.006923553736754462e-01
8.021111175351094413e-01
8.027353728137528455e-01
8.031893763630933991e-01
8.040406334536157607e-01
8.054026442944451913e-01
8.057998980994690585e-01
7.953578118879890413e-01
8.010896090400130287e-01
8.081266672310456478e-01
8.099426818816752860e-01
8.114181938584603682e-01
8.120424492081382839e-01
8.130072074278510419e-01
8.141422167240264240e-01
8.149934740107389608e-01
8.156744795613835031e-01
8.165257361952559245e-01
7.857669823002337850e-01
8.183417511739969896e-01
8.199307647433875523e-01
8.209522728427206539e-01
8.213495259915217783e-01
8.221440329351988874e-01
8.226547865603501819e-01
8.232222912456463870e-01
8.241302989971677206e-01
8.241302993218965200e-01
8.269110721347348036e-01
8.275920779492215162e-01
8.283865845072831968e-01
8.296350946755720601e-01
8.305998521105235621e-01
8.308268543722869826e-01
8.315646102016978070e-01
8.320753647469140146e-01
8.326428691616029054e-01
8.333806252480906451e-01
8.340616306701966742e-01
7.698768514096077098e-01
8.351966406902466833e-01
8.358208957084305446e-01
8.359911469810835660e-01
8.367856535357627301e-01
8.373531584815184781e-01
8.382044154401196989e-01
8.389989215990355520e-01
8.393394242796452520e-01
8.399636794940193996e-01
8.408716871136197035e-01
8.412121898551160326e-01
8.413824412630727112e-01
8.424039494943269535e-01
8.431417061727681794e-01
8.438794620630656329e-01
8.443902159486764702e-01
8.450712220878919823e-01
8.457522274457287548e-01
8.397934284852085485e-01
8.337778785896994282e-01
8.402474317673244153e-01
8.344021340036464895e-01
8.345156348114908251e-01
7.428068782142488446e-01
8.492140057449423240e-01
8.498382608950473260e-01
8.500085122319696040e-01
8.507462687784896893e-01
8.512002720639881836e-01
8.520515292830489473e-01
8.525055332924219575e-01
8.450144716873524420e-01
8.390556721991480060e-01
8.465467337365656375e-01
8.394529251517587332e-01
8.351966404940563971e-01
8.552295555017652706e-01
8.412689406581840279e-01
8.500085125600809199e-01
8.446739684181717722e-01
8.436524597945369575e-01
8.454684750743286514e-01
8.515975253447103377e-01
8.521082798831612903e-01
8.460359795904952573e-01
8.546620510836937523e-01
8.544917996791195902e-01
8.543215483421974232e-01
8.414959420709170468e-01
8.547188012914255228e-01
8.630043699754758046e-01
8.433687079136126252e-01
8.637421257338522285e-01
8.577833269627571644e-01
8.576698259654877976e-01
8.446172178214419457e-01
8.587480847292026098e-01
8.456387264450767605e-01
8.595993416201519466e-01
8.613018556016236449e-01
8.592588392033844169e-01
8.410419387820359249e-01
8.601100958981434674e-01
8.685091650619266579e-01
8.693036716132230834e-01
8.692469213446046838e-01
8.701549285075550477e-01
8.700981785636654475e-01
8.705521819810849715e-01
8.704954319018916031e-01
8.713466887996061949e-01
8.716304410086419541e-01
8.570455704196195956e-01
8.724816977034010046e-01
8.728222007763912771e-01
8.731627033216973199e-01
8.737302083317223245e-01
8.743544636137483561e-01
8.743544635460965830e-01
