3.378355372666460021e-01
3.845411722955432432e-01
4.062766016804869595e-01
4.183077011653807409e-01
4.198967139787621594e-01
4.219964814980328716e-01
4.231882411338611649e-01
4.245502523704538511e-01
4.268202713619504984e-01
4.298280461760927151e-01
4.330060723592918381e-01
4.381136143003241390e-01
4.427671527275330865e-01
4.501447138207351761e-01
4.561035126848514976e-01
4.625730662548571126e-01
4.709721355505613882e-01
4.789739514370049966e-01
4.890187840464166324e-01
4.972476022588929734e-01
5.058736733918455242e-01
5.179615230489539313e-01
5.307871290952919097e-01
5.459395037776569870e-01
5.615458823949780465e-01
5.801600362289697221e-01
5.927018900916414257e-01
6.079677657103891297e-01
6.228931385166061041e-01
6.340162308097975208e-01
6.457635775224540575e-01
6.535951418115159006e-01
6.644344817603677900e-01
6.676692581157814832e-01
6.780545937981834470e-01
6.862266612853915593e-01
7.016060383614410867e-01
7.043300604422458866e-01
7.170989161134138090e-01
7.180069234725545702e-01
7.316837860428307971e-01
7.359968218283298169e-01
7.438283866924322307e-01
7.504114412022031555e-01
7.560297371641501174e-01
7.622722890575805987e-01
7.683445886331372598e-01
7.740763864413839901e-01
7.791271777214172634e-01
7.822484534719421623e-01
7.863912379746403891e-01
7.928607907598848037e-01
7.965495717166251044e-01
8.005221043580994511e-01
8.049486410765985811e-01
8.090914249230740651e-01
8.126099537581308319e-01
8.170364904089781888e-01
8.209522725179919656e-01
8.174904941917175982e-01
8.282163324464862919e-01
8.300323475605310142e-01
8.329833720992895207e-01
8.349128883492898945e-01
8.382611658440417557e-01
8.425174508907421478e-01
8.445037170102150936e-01
8.463764825315645002e-01
8.487600019317596001e-01
8.505192665133436414e-01
8.540377961297790366e-01
8.551728049693045897e-01
8.591453380065421364e-01
8.597695932885681680e-01
8.631746211162077964e-01
8.658986436536624254e-01
8.675444073022463565e-01
8.694171729453690212e-01
8.711764375269531735e-01
8.737869588641828944e-01
8.769082344861693912e-01
8.779864935746130028e-01
8.807105161797194048e-01
8.826400320339565786e-01
8.847965498252283734e-01
8.872368198289184438e-01
