3.050337665488694339e-01
3.376652857978026945e-01
3.818739003869530690e-01
4.248340049109836092e-01
4.546280009110218456e-01
4.731854036425862109e-01
4.870892687164812274e-01
5.092787017150347539e-01
5.396969528009087913e-01
5.634186485048983117e-01
5.777765168896612513e-01
6.002497021006331090e-01
6.387265197982190390e-01
6.689177683517222306e-01
6.908234495336206260e-01
7.016060379724430307e-01
7.157936551488222054e-01
7.290732649694431355e-01
7.385505932250525651e-01
7.468361612494974766e-01
7.559729870240701199e-01
7.643153052596294295e-01
7.702741050725626648e-01
7.775381650044397297e-01
7.819079505951421760e-01
7.855967311595017932e-01
7.908745245051082007e-01
7.959820668351386130e-01
8.004653534975274543e-01
8.021111174065709282e-01
8.097724302842934652e-01
8.151637252191228367e-01
8.193065094647440372e-01
8.245843026784294150e-01
8.260598149799432965e-01
8.329833719707511186e-01
8.370126553408763215e-01
8.418931954125257189e-01
8.454684751690411115e-01
8.489302534006029077e-01
8.531865385183377004e-01
8.574428237646110063e-01
8.602803472384483729e-01
8.626638669024855322e-01
8.657851428525833448e-01
