1.030373249487738674e+00
8.802470281685489395e-01
7.436773005303632944e-01
6.571035459887107910e-01
5.732025913676421780e-01
5.004553601241302774e-01
4.376359413325140446e-01
3.776689082423009269e-01
5.290124390254624664e-01
3.561992490002722223e-01
2.870564569445515635e-01
2.645341193303571425e-01
3.582649224022718681e-01
2.966288097055212458e-01
2.517683653289996548e-01
2.283623458286005714e-01
2.106095864505436732e-01
1.951540336118546271e-01
1.828101373662215923e-01
1.720203403754521354e-01
