1.101640070142962946e+00
1.097070789960908010e+00
1.093780967198952014e+00
1.090816672371516471e+00
1.087878308639333769e+00
1.084859003274355915e+00
1.081707249853520514e+00
1.078341542859264424e+00
1.074814187743648786e+00
1.070980047200027929e+00
1.066900310136966068e+00
1.062385832003043706e+00
1.057347611139976218e+00
1.051820193109078927e+00
1.045333241017341930e+00
1.037120449435432912e+00
1.025835988537947774e+00
1.011756397546552000e+00
9.977361903167070167e-01
9.833128179021458637e-01
9.664615941781014019e-01
9.499072654314529851e-01
9.337310296751355487e-01
9.193737650728071031e-01
9.043634788050066708e-01
8.901705609521518570e-01
8.765118422407303100e-01
8.634294486974020133e-01
8.509504787497458311e-01
8.390184315512922986e-01
8.268795620230823262e-01
8.155011236684546194e-01
8.044600865436489778e-01
7.956905791196763333e-01
7.845553486877995253e-01
7.752347060651894051e-01
7.666463820166177223e-01
7.557766564208568960e-01
7.482141415415675123e-01
7.366938025095860487e-01
7.295904581388884536e-01
7.196249832671858249e-01
7.114555279896441764e-01
7.032032864811296191e-01
6.958257367280654693e-01
6.868790042846185662e-01
6.791727243754631660e-01
6.711395606233681033e-01
6.623680186010530990e-01
6.540859574478997684e-01
1.051723042994553303e+01
6.457483100299836742e-01
6.376447525632468194e-01
6.295436819879267620e-01
6.223256503958605190e-01
6.142029965595641183e-01
