1.095165723839951255e+00
1.081158803828653925e+00
1.069810699404493581e+00
1.060400991858990061e+00
1.050193708659124869e+00
1.038200369291736980e+00
1.022089488382784905e+00
9.973160059340702155e-01
9.559374630136621143e-01
9.057517797490550748e-01
8.710966909535863278e-01
8.395898597991788836e-01
8.119857059110409114e-01
7.879474731026357981e-01
7.669425762495938326e-01
7.448474693248277045e-01
7.342595867493401096e-01
7.128570380076113544e-01
6.940319654714384168e-01
6.771354176123941526e-01
6.656423573204136579e-01
6.503719648460573044e-01
6.439188975838904261e-01
6.463985521659009192e-01
6.273008703908112826e-01
6.148575313190997038e-01
6.067575971490712927e-01
5.977082720653105197e-01
5.938987190617476264e-01
5.833459632072375278e-01
5.750908331245658811e-01
5.898482573200831691e-01
5.673536443560139864e-01
5.567072924890567043e-01
5.491477522133738631e-01
5.406060135971368918e-01
5.343252470352465311e-01
5.280642112175077951e-01
5.575903918853947205e-01
5.180433715596033384e-01
5.081084681828428318e-01
5.005588352521224138e-01
4.960798833469115543e-01
4.856075433859130541e-01
4.768607137449604738e-01
4.679986096884334312e-01
4.584026395831446998e-01
4.496711963429014247e-01
4.437869094732055375e-01
4.391939486323295228e-01
4.221344811915945239e-01
4.127731007037534483e-01
4.023904103787233066e-01
3.927240026307683984e-01
3.826363568888857536e-01
3.763253070119357835e-01
3.672685599998193329e-01
3.580112532199792308e-01
3.494599543431108346e-01
3.420431652923399124e-01
3.341677709623251946e-01
3.343976321735093182e-01
3.228536079398863778e-01
3.144919717614939603e-01
3.267531581998893153e-01
3.098864987028300821e-01
2.971433048252756226e-01
2.912170774674457396e-01
2.856238024502402162e-01
2.732777514473127001e-01
2.624970552927519130e-01
2.536964100383817811e-01
2.436965506776062051e-01
2.395039405446474368e-01
2.685126876778285987e-01
