3.728505761051995049e-01
4.139946654187814934e-01
4.345383351002450878e-01
4.466261846643321820e-01
4.753986719409491468e-01
4.796549571517051969e-01
4.823222290602954265e-01
4.928210658076185302e-01
5.070654332559987321e-01
5.053061687099318355e-01
5.089949489140455086e-01
5.151807504712057062e-01
5.227853127521984167e-01
5.250553316083914623e-01
5.289143637092462713e-01
5.339651551465699475e-01
5.393564495317281215e-01
5.428749788843214574e-01
5.499120368081292787e-01
5.533170650349147346e-01
5.584813574475210318e-01
5.648941604816833939e-01
5.693206971934174909e-01
5.763010041923841698e-01
5.816355485304836037e-01
5.888428582546287871e-01
5.950286592841046440e-01
6.007037055146700055e-01
6.045627373550652717e-01
6.122240506251684922e-01
6.088190228584154928e-01
6.101810339055830923e-01
6.141535665470573280e-01
6.161398333261356441e-01
6.180125987087987660e-01
6.207366209857939632e-01
6.248226548274931069e-01
6.301571986446734552e-01
6.318029622222229857e-01
6.337892288659976447e-01
6.364565007424531906e-01
6.386130185303423579e-01
6.416775438837103440e-01
6.444583166897834836e-01
6.486578511431365657e-01
6.518926278909309424e-01
6.554111573145585679e-01
6.568299185626927938e-01
6.596106915006869631e-01
6.623347143730181630e-01
6.646614835045947522e-01
6.664774980909552449e-01
6.694285224369060927e-01
6.711310366788372228e-01
6.749900686477710021e-01
6.776005901845736368e-01
6.812893708774717672e-01
6.837863909535900619e-01
6.862834116216618430e-01
6.898586915134808928e-01
6.934339705461216585e-01
6.954769879320775727e-01
6.976902557923949644e-01
6.991090177576385623e-01
7.011520344839891061e-01
7.034220530120707249e-01
7.058055730718711951e-01
7.084728445491809135e-01
7.107996142084418434e-01
7.126723798583296521e-01
7.153964023247498805e-01
7.177799218636312650e-01
7.211281995511908960e-01
7.218659554414882384e-01
7.235684693553080526e-01
7.256682368136921912e-01
7.261789906316512555e-01
7.277112532728180483e-01
7.297542707162779640e-01
7.314000342295582380e-01
7.330457978071077685e-01
7.346348104564335291e-01
7.365643269668933346e-01
7.380965892122969274e-01
7.396856023250376611e-01
7.412746158267764507e-01
7.436013844340513268e-01
7.451336474709813196e-01
7.472901648698725419e-01
7.493899322538395413e-01
7.508086942224657667e-01
7.516032005133027605e-01
7.527382098805125432e-01
7.537597185007648415e-01
7.554622327460785991e-01
7.570512457911674487e-01
7.577890016138131291e-01
7.588672608984470269e-01
7.601725216059617152e-01
7.605697745551898148e-01
7.611372793656419056e-01
7.630100450155298253e-01
7.640315529152900131e-01
7.642585548557073727e-01
7.652800635436114440e-01
7.663583226388201997e-01
7.665853240515532185e-01
7.669825777889252016e-01
7.680040858848757868e-01
7.694795979935818986e-01
7.699336018067646226e-01
7.709551103627476643e-01
7.722036205344191551e-01
7.733386300944367076e-01
7.743033880536899227e-01
7.754951480176295320e-01
7.765734066494233145e-01
7.772544120072600871e-01
7.783326713595458690e-01
7.791839285177200036e-01
7.793541798546422816e-01
7.800351852801308272e-01
7.804324384187841801e-01
7.809431925682371878e-01
7.815674481817571628e-01
7.822484537324017051e-01
7.825322060090893483e-01
7.830997102343530969e-01
7.838942171137609494e-01
7.845752226644054916e-01
7.853129790790045472e-01
7.849157255378228504e-01
7.857669824321548147e-01
7.863912375146080436e-01
7.873559958696243477e-01
7.880370015555725471e-01
7.884342543052278440e-01
7.888882581860623411e-01
7.899665174740788665e-01
7.900800183394272036e-01
7.907610240253754030e-01
7.907042731005341496e-01
7.913285285110986944e-01
7.919527837965073536e-01
7.925202884107691581e-01
7.929175416881086846e-01
7.933715454979087811e-01
