1.096968019037726672e+00
1.096274006279458924e+00
1.095638537182317407e+00
1.095048406657076034e+00
1.094498593828463040e+00
1.093980056237879417e+00
1.093497358638429340e+00
1.093044852866777994e+00
1.092619822729013368e+00
1.092226548346695969e+00
1.091860963898967141e+00
1.091519829735881242e+00
1.091199225569196241e+00
1.090898653149949826e+00
1.090617439288312562e+00
1.090353718275353101e+00
1.090109647460276276e+00
1.089878627562670399e+00
1.089665484850553145e+00
1.089465640708960681e+00
1.089278988038280493e+00
1.089101010239981404e+00
1.088933774733690907e+00
1.088776263454080739e+00
1.088630160755821974e+00
1.088490495697457927e+00
1.088358768201241000e+00
1.088233945819063964e+00
1.088114376452648191e+00
1.088003666715761097e+00
1.087895118718682719e+00
1.087793720322592694e+00
1.087695320194719040e+00
1.087601609806705616e+00
1.087512508984368687e+00
1.087426537194470466e+00
1.087344588151510472e+00
1.087266184910087530e+00
1.087187800401456350e+00
1.087113769680462916e+00
1.087042826433389120e+00
1.086974006269868509e+00
1.086905738294114521e+00
1.086840907254572830e+00
1.086777095748403976e+00
1.086714253232925698e+00
1.086652543817947292e+00
1.086591075595273237e+00
1.086531510560644120e+00
1.086470928759602161e+00
1.086412023790347625e+00
1.086354316190831337e+00
1.086296320117147163e+00
1.086239054581748409e+00
1.086184887628699691e+00
1.086130449459465019e+00
1.086075650780393476e+00
1.086022793844145129e+00
1.085969485622834796e+00
1.085916167977624580e+00
1.085862597260448981e+00
1.085806778087348601e+00
1.085752766767334787e+00
1.085700637832428539e+00
1.085647803539247835e+00
1.085595601154749845e+00
1.085544801909795964e+00
1.085493020549696430e+00
1.085440589028450420e+00
1.085389269344734009e+00
1.085339278748868708e+00
1.085289007526447635e+00
1.085238844411650971e+00
1.085189081193586036e+00
1.085137046788581916e+00
1.085086389971025689e+00
1.085036111915769874e+00
1.084985892893500781e+00
1.084937375044147556e+00
1.084887381965460085e+00
1.084837892568176976e+00
1.084789163083604180e+00
1.084739816763176323e+00
1.084690137487502204e+00
1.084641292927166489e+00
1.084592046778803276e+00
1.084542853283859243e+00
1.084495552937428720e+00
1.084446517598932846e+00
1.084397788926181994e+00
1.084343676284022395e+00
1.084290576978328202e+00
1.084241792256036119e+00
1.084192319886718714e+00
1.084143106143581781e+00
1.084094952125770117e+00
1.084044146068277037e+00
1.083995869566827253e+00
1.083946424664152586e+00
1.083895931022810233e+00
1.083844540527923561e+00
1.083796163969417137e+00
1.083745178303080703e+00
1.083693554192894704e+00
1.083641970335547544e+00
1.083590969751982769e+00
1.083538894255256846e+00
1.083486339790340258e+00
1.083434919521883089e+00
1.083383087713813975e+00
1.083332459479156018e+00
1.083280243895786032e+00
1.083227552402087790e+00
1.083176629394876356e+00
1.083123829996509357e+00
1.083073169410746273e+00
1.083021886874649731e+00
1.082967834280254449e+00
1.082916170336670980e+00
1.082863424403545327e+00
1.082811162573384278e+00
1.082758382624918525e+00
1.082705266690404455e+00
1.082653107034802220e+00
1.082601465402792229e+00
1.082547833345702371e+00
1.082495932228333402e+00
1.082442924800589346e+00
1.082389527596827161e+00
1.082336062788591180e+00
1.082280539233692274e+00
1.082225969691368750e+00
1.082169356326376120e+00
1.082114345288210266e+00
1.082057659021605556e+00
1.082000776693232469e+00
1.081944528248975690e+00
1.081886434120729046e+00
1.081827050988340311e+00
1.081770419289701746e+00
1.081711371764511043e+00
1.081653509932352986e+00
1.081597432248079915e+00
1.081538905770518477e+00
1.081480781496616306e+00
1.081419066243284988e+00
1.081358323512070063e+00
1.081298133293350228e+00
1.081235837357301666e+00
1.081175483752647271e+00
1.081111678003649157e+00
1.081049152349047082e+00
1.080985381718113869e+00
1.080919409283958021e+00
1.080855241895337659e+00
1.080788107074204696e+00
1.080718623692734637e+00
1.080652811634006838e+00
1.080583582095733020e+00
1.080512194031111983e+00
1.080442161682102498e+00
1.080373047672858577e+00
1.080301832952521579e+00
1.080230599140838077e+00
1.080155554555695119e+00
1.080083068846898531e+00
1.080010793968264826e+00
1.079936195452227743e+00
1.079858025136055444e+00
1.079782616976447951e+00
1.079703698606931050e+00
1.079618735742598812e+00
1.079534900309542911e+00
1.079447955036872298e+00
1.079359978053499480e+00
1.079274509951770877e+00
1.079185643590380828e+00
1.079094614284979325e+00
1.079003698032550806e+00
1.078915408375950458e+00
1.078821633421030546e+00
1.078725346479247671e+00
1.078625574927007724e+00
1.078522084215416399e+00
1.078421264749861219e+00
1.078313954023570442e+00
1.078211171484569908e+00
1.078102999333998113e+00
1.077988966667762449e+00
1.077872910460875966e+00
1.077759560097170999e+00
1.077641877506466672e+00
1.077519785403312280e+00
1.077391589643817094e+00
1.077261598878317850e+00
1.077125898914002677e+00
1.076989387283327382e+00
1.076840127998039520e+00
1.076696293090598111e+00
1.076549798464992991e+00
1.076389704887972920e+00
1.076225785877341856e+00
1.076058478768354476e+00
1.075881937779915365e+00
1.075691212286412624e+00
1.075506963359667667e+00
1.075300227769704797e+00
1.075090310913325409e+00
1.074875312166488461e+00
1.074641682592776926e+00
1.074397420573333317e+00
1.074145148658406157e+00
1.073881277850764704e+00
1.073594988045265763e+00
1.073307626519772295e+00
1.072990015953327658e+00
1.072639833581237268e+00
1.072318300778178024e+00
1.071942037732638742e+00
1.071560280709049851e+00
1.071130412883638305e+00
1.070670450337865010e+00
1.070171314304393606e+00
1.069600808181392582e+00
1.069039056198421545e+00
1.068827934253230083e+00
1.067786978766052330e+00
1.067695427310296985e+00
1.066782129385246636e+00
1.071006246575377796e+00
1.067540943193000080e+00
1.066522287108774947e+00
1.065417249352509366e+00
1.064156899143176016e+00
1.062411944324018753e+00
1.065409334812280173e+00
1.062218643460653311e+00
1.069509162486637965e+00
1.071997340776397856e+00
1.068671082409832218e+00
1.067730059655379371e+00
1.066892820531410990e+00
1.065926879591963861e+00
1.064779379318983699e+00
1.063386798615312490e+00
