1.095207999691736767e+00
1.082629982015682168e+00
1.066486795896650630e+00
1.057336599187773452e+00
1.046238971611649804e+00
1.038666840457705076e+00
1.030144896147896727e+00
1.024069290921268749e+00
1.020626477395275122e+00
1.015065666197864536e+00
1.009806755526599931e+00
1.004664016814502681e+00
9.995857052740528825e-01
9.946735188602610078e-01
9.898714077309646031e-01
9.851856237676640538e-01
9.804547970164113613e-01
9.758334821113886504e-01
9.711851778030936577e-01
9.666148613776638365e-01
9.620032280651382717e-01
9.575343213167413214e-01
9.530277750452993413e-01
9.485324553616383270e-01
9.435931622396837026e-01
9.389320746547050733e-01
9.344464686710998169e-01
9.299681168274727128e-01
1.025672709868800103e+00
9.390204839366538270e-01
9.348975426458918658e-01
9.326722888770367925e-01
9.296769363832395605e-01
9.272014977685588688e-01
9.249917036233712420e-01
9.227052852769328517e-01
9.205049178662686460e-01
9.190003896576817155e-01
9.165077357833119054e-01
9.144815038007001462e-01
9.124989679963653177e-01
9.105759857529091006e-01
9.086643816745414437e-01
9.067536395718173159e-01
9.048742000147836917e-01
9.030584479885578331e-01
9.012871468847194478e-01
8.994829377050493902e-01
8.976923153332904137e-01
8.959382908899419240e-01
8.941890944194377244e-01
8.924605565548456854e-01
8.907094627177361001e-01
8.889742584621166399e-01
8.872350061273311939e-01
8.855126304886518085e-01
8.837778849056742159e-01
8.820549026093575939e-01
8.803130366780431704e-01
8.785670473135719361e-01
8.768046206245695418e-01
8.750719356216195566e-01
8.733496963047601147e-01
8.716003728247102567e-01
8.698465594313931071e-01
8.680912928733860445e-01
8.663247972650713891e-01
8.645257455361876620e-01
8.626895271570198531e-01
8.608744551805190826e-01
8.590130982980250796e-01
8.572684871873724743e-01
8.556248779924954251e-01
8.537778482893918497e-01
8.520345800506508027e-01
8.504265655819630565e-01
8.487263820369035372e-01
8.470726025631530876e-01
8.453601550943605769e-01
8.437209576376788478e-01
8.420669775322788819e-01
8.404429786849743067e-01
8.388052145371702739e-01
8.371742734687971366e-01
8.355201206178320961e-01
8.338651535195894526e-01
8.322616891167936570e-01
8.306207703675417831e-01
8.289647772345855037e-01
8.273308304935028668e-01
8.256517312670259567e-01
8.240225616821155175e-01
8.223722452581838649e-01
8.207590105814895898e-01
8.194118237922981551e-01
8.175888578620199576e-01
8.159398298435114327e-01
8.143247197735262732e-01
8.127315091725531015e-01
8.109621373805141475e-01
8.094111398910192046e-01
8.078326704039231476e-01
8.063853450107233423e-01
8.047766990527941422e-01
8.032219117348462500e-01
8.016596402099593899e-01
8.001052468556780761e-01
7.985436149653130089e-01
7.969712391356172931e-01
7.953818840428761305e-01
7.938420563305380595e-01
7.922515181933336148e-01
7.907514326195327348e-01
7.892141103250648326e-01
7.876887268602262848e-01
7.862869953535503997e-01
7.847946554068897518e-01
7.832994484095018306e-01
7.818301778045051442e-01
7.803558080781298756e-01
7.789017409669724001e-01
7.774200840019610537e-01
7.760398973773783293e-01
7.747884876922489505e-01
7.731318411068845986e-01
7.716098650820605309e-01
7.700864841519795556e-01
7.684906706468490611e-01
7.670396929004800191e-01
7.656301613678273554e-01
7.643465142123958556e-01
7.629419965496683220e-01
7.614612207700375279e-01
7.600214732375875082e-01
7.587094851881290847e-01
7.572921519212910679e-01
7.566011937953619482e-01
7.551404729812777328e-01
7.535342283521132556e-01
7.529435815284014621e-01
7.510820394050492510e-01
7.496905817048421516e-01
7.484952087915415220e-01
7.472102881817411779e-01
7.459978094592645270e-01
7.447682946698834794e-01
7.436348085411289555e-01
