1.095885957926587828e+00
1.092592078341466877e+00
1.090585293560657032e+00
1.089310067518974634e+00
1.088483878854630715e+00
1.087921824637109403e+00
1.087502200523249973e+00
1.087152067279918422e+00
1.086822049584347250e+00
1.086504591072155801e+00
1.086188953266898238e+00
1.085885037825709887e+00
1.085606284176990011e+00
1.085357201274613992e+00
1.085109997455936170e+00
1.084857469688553122e+00
1.084612583662160512e+00
1.084371318097864467e+00
1.084143182576619457e+00
1.083913183491005849e+00
1.083684602820719656e+00
1.083461281572823287e+00
1.083236004699948296e+00
1.083007597170990488e+00
1.082787227910693817e+00
1.082546676255863538e+00
1.082293245634218914e+00
1.082052883235383067e+00
1.081785936542580373e+00
1.081532859970022686e+00
1.081245336641647459e+00
1.080965943290754128e+00
1.080690089558020706e+00
1.080383996986231887e+00
1.080083309247676260e+00
1.079783716629882928e+00
1.079463754323465086e+00
1.079144255520029461e+00
1.078819300995654595e+00
1.078453234623349966e+00
1.078086254268057598e+00
1.077700405898575076e+00
1.077295337637439232e+00
1.076862483822618177e+00
1.076428158587261041e+00
1.075950367714150424e+00
1.075445227587536356e+00
1.074824755669830711e+00
1.074105308739296438e+00
1.073211891163654563e+00
1.072148309197222149e+00
1.070697779884390410e+00
1.068364493253316061e+00
1.065610381566627796e+00
1.063100850884526549e+00
1.065526349909439174e+00
1.062914825298953758e+00
1.061082643491375821e+00
1.058307925713508180e+00
1.056361857408238070e+00
1.054815814880837310e+00
1.052337104397026879e+00
1.050565534793223232e+00
1.045911765918511982e+00
1.046163566712860593e+00
1.039707653213052030e+00
1.038135150241889626e+00
1.034431832730110523e+00
1.032435730065006441e+00
1.034383297216864506e+00
1.026234166717280294e+00
1.025077153294712051e+00
1.020353458754544418e+00
1.014387818073131831e+00
1.016711421082153954e+00
1.011834416650736701e+00
1.009722997054265603e+00
1.007576893342149393e+00
1.006445318570398761e+00
1.001365683898841397e+00
1.002471873711649364e+00
9.936687645336588215e-01
9.913098730481338938e-01
9.851498315962264885e-01
9.912573498079193524e-01
9.808266138686785318e-01
9.827859571306019060e-01
9.844997519261787788e-01
9.758770562220862033e-01
9.692898475178713946e-01
9.761699938887763439e-01
9.748610893792837295e-01
9.560482676051801354e-01
9.616532576766744222e-01
9.596734642711876040e-01
9.568723807249117641e-01
9.531814316352645866e-01
9.506602168495866811e-01
9.490257821290895013e-01
9.467409792982025563e-01
9.412396183167350827e-01
9.279918353705473022e-01
9.392119760133372797e-01
9.359365059219811878e-01
9.288396841686420435e-01
9.241430321993199248e-01
9.318365549217199062e-01
9.274738184385947770e-01
9.184271631497380461e-01
9.133544056587798998e-01
9.103218280601349521e-01
9.238906174781448266e-01
8.988367166653656870e-01
9.110056804234618610e-01
9.085236256492373874e-01
9.004084728110642866e-01
8.996574219527021521e-01
8.967484371777554308e-01
8.827605162425382623e-01
8.979896372241766844e-01
8.844010392522630992e-01
8.742234716485222101e-01
8.833177391249193988e-01
8.797076504621932358e-01
8.706902152637802095e-01
8.708865220535492169e-01
8.692614162870030414e-01
8.628636334846376821e-01
8.683015358826202679e-01
8.595657445747014735e-01
8.639255464195386702e-01
8.492726242289925231e-01
8.418744453662140304e-01
8.436575300590275495e-01
8.546969397514120326e-01
8.395613251638415209e-01
8.376320481070337332e-01
8.251086733653903993e-01
8.380146399203781682e-01
8.351028691889526012e-01
8.205282557133100063e-01
8.228939376261101835e-01
8.224981160813608083e-01
8.156103988482877876e-01
8.294009010378154967e-01
8.191946215509428031e-01
8.062256108712584357e-01
8.054399920047042860e-01
7.950916027861755220e-01
8.030609120325985506e-01
8.083897828954308418e-01
7.900579912384727566e-01
8.133914298701655499e-01
8.023888079439914778e-01
7.723647424192543465e-01
7.979652256790012999e-01
7.812946431043232831e-01
7.720898346857372196e-01
7.720928890643815601e-01
7.726303659065324458e-01
7.759916433701619098e-01
7.439100037137412746e-01
7.663767439750379662e-01
7.387374431109646755e-01
7.693818603496357378e-01
7.547845436471198877e-01
7.494378067917940589e-01
7.298380251497978977e-01
7.611051629143157360e-01
7.340081316287817570e-01
7.268439373393097425e-01
7.369185323260860621e-01
7.219649027644231554e-01
7.203425732395528636e-01
7.410710001802289781e-01
7.179632558670280273e-01
7.314511815600901468e-01
7.209252485026904633e-01
6.881327899155460504e-01
7.393803743165748843e-01
7.069357227307633273e-01
6.904621191175237538e-01
7.393181499629277731e-01
7.248638691016462410e-01
6.844040272211651121e-01
6.908576029713988653e-01
7.098700662123602623e-01
6.742129640921271649e-01
7.043765757399285121e-01
6.719589853190677253e-01
6.552162234679395070e-01
6.724122623452587488e-01
6.850854264716339515e-01
6.885485466381293662e-01
6.625846566295293671e-01
6.768269963157845792e-01
6.506818739112677497e-01
6.564296692293514202e-01
6.567799481135425665e-01
6.447508427999487646e-01
6.612269656861533562e-01
6.274357128275908080e-01
