3.466318596367343186e-01
3.596844675524552559e-01
3.716588161801596679e-01
3.798308834677948109e-01
3.859599343284387252e-01
3.922592360017032043e-01
3.973100279345765928e-01
3.995232960942532996e-01
4.002043016770324146e-01
4.011690595077471166e-01
4.017933146223349183e-01
4.025878214763733420e-01
4.028715737818129305e-01
4.032120765554438879e-01
4.034390784992437640e-01
4.034958289674351328e-01
4.034958288355140477e-01
4.036093299004352430e-01
4.035525793679746731e-01
4.036093297076275288e-01
4.036093299004352430e-01
4.036093299359524433e-01
4.036093296044584999e-01
4.036093298040314137e-01
4.036093298683006148e-01
4.036093297363795851e-01
4.036093297685141579e-01
4.036093299359524433e-01
4.036093297363795851e-01
4.036093299004352430e-01
4.036093299359524433e-01
4.036093298040314137e-01
4.036093298361659865e-01
4.036093296078410719e-01
4.036093298006487862e-01
4.036093297718967854e-01
4.036093297363795851e-01
4.036093297042449568e-01
4.036093296399757002e-01
4.036093298040314137e-01
4.036093296721103285e-01
4.036093298361659865e-01
4.036093297363795851e-01
4.036093297718967854e-01
4.036093298716832423e-01
4.036093297363795851e-01
4.036093297685141579e-01
4.036093296433582722e-01
4.036093298361659865e-01
4.036093296078410719e-01
4.036093297042449568e-01
4.036093299004352430e-01
4.036093298074139857e-01
4.036093296365931282e-01
4.036093296044584999e-01
4.036093299325698713e-01
4.036093298683006148e-01
4.036093299359524433e-01
4.036093298716832423e-01
4.036093297042449568e-01
4.036093299359524433e-01
4.036093297042449568e-01
4.036093296399757002e-01
4.036093297042449568e-01
4.036093299291872993e-01
4.036093297972662142e-01
4.036093298327834145e-01
4.036093297076275288e-01
4.036093297042449568e-01
4.036093297397621571e-01
4.036093296754929005e-01
4.036093297042449568e-01
4.036093297397621571e-01
4.036093298361659865e-01
4.036093298395486140e-01
4.036093297042449568e-01
4.036093299004352430e-01
4.036093296721103285e-01
4.036093299004352430e-01
4.036093299004352430e-01
4.036093297363795851e-01
4.036093296721103285e-01
4.036093299004352430e-01
4.036093296078410719e-01
4.036093296078410719e-01
4.036093296399757002e-01
4.036093296044584999e-01
4.036093298074139857e-01
4.036093299004352430e-01
4.036093299004352430e-01
4.036660803043573553e-01
4.036660801369190699e-01
4.036660803720091839e-01
4.036660801690536982e-01
4.036660800760324408e-01
4.036660803043573553e-01
4.037228306440102665e-01
4.038363316767968336e-01
4.038930821094710022e-01
4.038930822092574591e-01
4.039498325167756865e-01
4.040633335529448811e-01
4.041200838536979645e-01
4.041768345146970476e-01
4.042335848255979025e-01
4.044038363908450950e-01
4.045740878630710302e-01
4.051415924096809507e-01
4.062198512731822198e-01
4.087168719412540008e-01
4.104193861155333578e-01
4.125759036497281818e-01
4.152999262835866956e-01
4.159809317378273530e-01
4.173429430420719233e-01
4.168321887606978304e-01
4.179104476241990995e-01
4.179671980602558401e-01
4.202372169841006033e-01
4.198399637388957051e-01
4.206912206298450974e-01
4.214857270915028931e-01
4.223937348464068542e-01
4.223369842429118282e-01
4.222802336783165744e-01
4.234719935424698378e-01
4.242097496610921503e-01
4.252880084569415908e-01
4.243232507615305460e-01
4.240394981922488427e-01
4.266500197290514773e-01
4.272175246071554522e-01
4.278417795576875404e-01
4.288632881491877269e-01
4.285795358403655664e-01
4.309063051038632408e-01
4.317575621588682910e-01
4.330060721631014964e-01
4.345383350714930315e-01
4.346518357761682272e-01
4.351058395859683792e-01
4.357300946396694963e-01
4.362975995820426722e-01
4.387378697464058841e-01
4.409511379449823631e-01
4.412916404869058340e-01
4.411781397788480108e-01
4.419726462692578628e-01
4.440156632273159487e-01
4.465126837279494998e-01
4.452641734598741241e-01
4.477044437206411653e-01
4.496339593786879418e-01
4.512229725844499884e-01
4.504852164979622486e-01
4.513932242241141535e-01
4.529822371017648286e-01
4.546847512405269298e-01
4.559900119801762464e-01
4.549117530524057762e-01
4.567277680632813586e-01
4.574087735175220715e-01
4.583735317406173460e-01
4.619488110438654815e-01
4.624595651256666606e-01
4.648998353221645008e-01
4.654105897997288799e-01
4.661483456900263334e-01
4.410078884131737320e-01
4.595085408118504411e-01
4.629703194357928098e-01
4.641620792001595608e-01
4.670563530491670390e-01
4.679643606400152867e-01
4.693831225054724277e-01
4.722773962225588207e-01
4.729016514690677075e-01
4.708586346175612225e-01
4.727881504328985129e-01
4.709153848895623051e-01
4.742636628375814789e-01
4.752284206040269243e-01
4.761364280561888873e-01
4.772146868554209553e-01
4.726178991923801198e-01
4.776119403966025967e-01
4.785766983879903846e-01
4.817547241179222506e-01
4.820384765231482960e-01
4.802224619232575153e-01
4.813007205973336422e-01
4.833437374234706985e-01
4.860677599643078994e-01
4.820952272517992077e-01
4.856705066193165443e-01
4.583167812436739763e-01
4.848192497249845800e-01
4.916860561833317766e-01
4.927643152717753328e-01
4.946938311226298790e-01
4.204642187959794497e-01
4.603597978668554913e-01
4.673968562540783966e-01
4.925373133990099128e-01
4.851030020016721678e-01
4.874865218940342970e-01
4.772714376195890673e-01
4.981556098818758493e-01
5.008796322941746482e-01
5.020713920551588272e-01
5.003121272841496436e-01
5.048521649999181404e-01
5.050224165972999613e-01
5.049089153328059076e-01
5.067816810114457171e-01
5.073491857965284346e-01
5.058736731635206096e-01
5.083139436204779926e-01
5.092219511115397834e-01
5.042846602537353062e-01
5.088814479133935142e-01
5.177912718118180546e-01
5.050224167326036184e-01
5.177912714837067387e-01
5.176777710073564576e-01
5.199477892749785335e-01
5.218205551176741119e-01
5.248850804033902140e-01
5.143294933773008282e-01
4.416888937642453605e-01
4.613245557652220219e-01
4.931615684205764016e-01
4.975881050748063861e-01
5.005391293429576338e-01
5.105839620234036147e-01
5.142159921195719186e-01
5.162590091706512618e-01
5.168265138525649505e-01
