1.058055328609764700e+00
9.636064233793978362e-01
8.608541490237279215e-01
7.767774915831847649e-01
7.116999732237737630e-01
6.664831540951372535e-01
6.142521122853470406e-01
5.430060399897177481e-01
4.902322638789815001e-01
4.330477773869229052e-01
3.849667252178975985e-01
3.345864207900468013e-01
2.990696463795432525e-01
2.660741446680665589e-01
2.350881403474557041e-01
2.114308407975950821e-01
1.881990173708857350e-01
1.668413667335229278e-01
1.513270560412487697e-01
1.366821309329296907e-01
1.187336545613680572e-01
1.077469564645773814e-01
