1.100246525975755452e+00
1.100043153283842390e+00
1.099839583339488724e+00
1.099635960545525482e+00
1.099432184560758641e+00
1.099229003100273161e+00
1.099027263976802171e+00
1.098826190412034443e+00
1.098626289524086808e+00
1.098426390740111058e+00
1.098230659315625468e+00
1.098038354348083612e+00
1.097852549327772209e+00
1.097670443678651742e+00
1.097489838574180476e+00
1.097313457244059931e+00
1.097139000243181561e+00
1.096969027374721684e+00
1.096803134933150403e+00
1.096640470058908079e+00
1.096482112021933686e+00
1.096328224884679736e+00
1.096179687789441637e+00
1.096033546861133745e+00
1.095890623190015845e+00
1.095751102629195506e+00
1.095615746789443845e+00
1.095484641615645405e+00
1.095357436996049927e+00
1.095232625262270831e+00
1.095110652266928275e+00
1.094990427963146828e+00
1.094871511071570325e+00
1.094753480418966030e+00
1.094637000102757662e+00
1.094522961672586003e+00
1.094410456361419426e+00
1.094300621619770375e+00
1.094193224880943172e+00
1.094087928284933620e+00
1.093985909068295515e+00
1.093886331785050681e+00
1.093787825903836497e+00
1.093691658238995057e+00
1.093597077347824964e+00
1.093503955753982959e+00
1.093412467532393073e+00
1.093324148433716170e+00
1.093237700077267061e+00
1.093152358809189151e+00
1.093067892313098310e+00
1.092985752674637823e+00
1.092905264884143746e+00
1.092825481640102625e+00
1.092747117487907094e+00
1.092669459431391044e+00
1.092592542541263256e+00
1.092517045534507458e+00
1.092442154201054949e+00
1.092368471514900685e+00
1.092296379079721769e+00
1.092225416903666035e+00
1.092155041113376690e+00
1.092086726999074386e+00
1.092019383113491449e+00
1.091953441548865644e+00
1.091889268200119112e+00
1.091826716526623109e+00
1.091764985334520821e+00
1.091704599432882672e+00
1.091645669445981515e+00
1.091587382726505240e+00
1.091529770204870742e+00
1.091473414654236862e+00
1.091418268163577121e+00
1.091363687100147084e+00
1.091309797330176190e+00
1.091256999521627247e+00
1.091205057434310177e+00
1.091154038043536501e+00
1.091103547615656089e+00
1.091054182609792811e+00
1.091005272305408891e+00
1.090956833162194606e+00
1.090909469074210048e+00
1.090862761959911387e+00
1.090816681808946642e+00
1.090771182388055482e+00
1.090726505958440562e+00
1.090682613444405424e+00
1.090639127910248751e+00
1.090596302766195347e+00
1.090554373481204431e+00
1.090513620127086858e+00
1.090473526006226379e+00
1.090433862387785613e+00
1.090395137945874060e+00
1.090356619402307103e+00
1.090319373301714023e+00
1.090282216603014165e+00
1.090245287458009527e+00
1.090208989606056056e+00
1.090172970736718927e+00
1.090137954386319441e+00
1.090104265317467069e+00
1.090071541606402405e+00
1.090038974989651965e+00
1.090006762002546870e+00
1.089975028078345343e+00
1.089944256887040330e+00
1.089913809903599873e+00
1.089883806222305518e+00
1.089854186059235008e+00
1.089825172760140015e+00
1.089796581283735133e+00
1.089768311951814006e+00
1.089740705695773970e+00
1.089713313733670086e+00
1.089686045506763401e+00
1.089659708595243304e+00
1.089633343215833383e+00
1.089607326398946530e+00
1.089581871694349724e+00
1.089556593818105990e+00
1.089531807418876452e+00
1.089507651108495567e+00
1.089483814879217638e+00
1.089460363379131547e+00
1.089436908496453915e+00
1.089414026475941766e+00
1.089391558031361784e+00
1.089369531150275794e+00
1.089347781993482034e+00
1.089326320580216834e+00
1.089304939787637316e+00
1.089283809963051075e+00
1.089263131558830811e+00
1.089242739788648828e+00
1.089222731577281778e+00
1.089202745576010711e+00
1.089183246031987906e+00
1.089163873551632022e+00
1.089144645758244989e+00
1.089126108987709785e+00
1.089107602694324051e+00
1.089089499226994384e+00
1.089071250416473235e+00
1.089053610046215370e+00
1.089035812168966721e+00
1.089018394359698716e+00
1.089001117530079332e+00
1.088983910415670664e+00
1.088967100275434863e+00
1.088950217896575090e+00
1.088933673492727294e+00
1.088917689428691604e+00
1.088901501908542402e+00
1.088885752921085137e+00
1.088870020934533001e+00
1.088854678534573850e+00
1.088839333814156873e+00
1.088824393536675039e+00
1.088809146464909450e+00
1.088794198698370019e+00
1.088779248367826025e+00
1.088764549593846720e+00
1.088750111678558508e+00
1.088735600354269417e+00
1.088721413007828875e+00
1.088707324189513548e+00
1.088693368645303305e+00
1.088679420204534898e+00
1.088665778395685901e+00
1.088652028831002205e+00
1.088638601451393351e+00
1.088625180464882547e+00
1.088611840017875254e+00
1.088598790487266932e+00
1.088585861972252156e+00
1.088572962310742964e+00
1.088560140103813856e+00
1.088547519736119185e+00
1.088535012908490973e+00
1.088522506500303910e+00
1.088510521268284403e+00
1.088498209365873715e+00
1.088486288274554292e+00
1.088474333573805630e+00
1.088462686878308494e+00
1.088450789769562776e+00
1.088439218214953152e+00
1.088427628137272229e+00
1.088416227315585960e+00
1.088404540265772047e+00
1.088393297526116799e+00
1.088381705628601814e+00
1.088370491214767588e+00
1.088359390205695831e+00
1.088348205869865248e+00
1.088337339687060590e+00
1.088326276522422642e+00
1.088315306433172314e+00
1.088304567239617437e+00
1.088294061323102691e+00
1.088283293073087021e+00
1.088272743406133891e+00
1.088262239120028285e+00
1.088251875969170390e+00
1.088241327357585719e+00
1.088230972020514109e+00
1.088220814883008813e+00
1.088210676613598604e+00
1.088200397093932903e+00
1.088190481480225680e+00
1.088180427836489716e+00
1.088170606610615376e+00
1.088160905534391265e+00
1.088150928919028981e+00
1.088141210219502941e+00
1.088131653174024827e+00
1.088122012179390863e+00
1.088112396905982493e+00
1.088102867029479226e+00
1.088093366540930695e+00
1.088084097631361491e+00
1.088074688587791661e+00
1.088065496760717288e+00
1.088056206026667638e+00
1.088047167228032741e+00
1.088037954699498489e+00
1.088028934464525754e+00
1.088019930804251301e+00
1.088010907518180970e+00
1.088002060843977992e+00
1.087993059625934622e+00
1.087984291360202471e+00
1.087975535258269399e+00
1.087966817420211285e+00
1.087957825937266199e+00
1.087949281998237039e+00
1.087940634267770212e+00
1.087932211283447970e+00
1.087923482465497749e+00
1.087914888179976725e+00
1.087906308304295466e+00
1.087898166420091517e+00
1.087889611365866704e+00
1.087881302855205679e+00
1.087872848608972598e+00
1.087864432477780641e+00
1.087856357643305349e+00
1.087848020461798848e+00
1.087840091985292634e+00
1.087831736118350712e+00
1.087823679198079985e+00
1.087815542448650197e+00
1.087807482720828611e+00
1.087799402494502576e+00
1.087791695909233303e+00
1.087783630931629775e+00
1.087775727323936126e+00
1.087767854470764517e+00
1.087759929593335562e+00
1.087752076386255373e+00
1.087744316674003953e+00
1.087736720780658972e+00
1.087728879906507240e+00
1.087721159723220365e+00
1.087713595186498461e+00
1.087705923381034889e+00
1.087698384382878913e+00
1.087690915559966109e+00
1.087683340185420899e+00
1.087675684643457430e+00
1.087668138372729576e+00
1.087660680401170366e+00
1.087653285176683138e+00
1.087646221432632565e+00
1.087638616000379477e+00
1.087631268511023652e+00
1.087623829590219637e+00
1.087616666560343281e+00
1.087609406923653710e+00
1.087601986627398487e+00
1.087594949768184938e+00
1.087587580704660661e+00
1.087580441197325554e+00
1.087573181953016777e+00
1.087565967440097703e+00
1.087558823704523281e+00
1.087551872783429463e+00
1.087544769003025769e+00
1.087537746053028664e+00
1.087530547079734955e+00
1.087523664182556082e+00
1.087516647828612237e+00
1.087509657019999576e+00
1.087502680803886346e+00
1.087495894865310175e+00
1.087488714712755655e+00
1.087481801142237137e+00
1.087474957516945562e+00
1.087468340552345092e+00
1.087461251783882421e+00
1.087454622161624584e+00
1.087447623065662450e+00
1.087440955916934460e+00
1.087434180870302969e+00
1.087427519519336805e+00
1.087420808829891117e+00
1.087414014793390837e+00
1.087407292258109726e+00
1.087400736180156091e+00
1.087393933382743816e+00
1.087387354533184247e+00
1.087380633019445764e+00
1.087374035545337403e+00
1.087367131141641741e+00
1.087360804213966636e+00
1.087354080623316843e+00
1.087347756591140024e+00
1.087341063261153984e+00
1.087334537558871883e+00
1.087327979897865449e+00
1.087321285181016783e+00
1.087314934331654603e+00
1.087308516398737712e+00
1.087301912585652897e+00
1.087295749977507553e+00
1.087289264778376285e+00
1.087282810665260779e+00
1.087276418785063647e+00
1.087269993579575100e+00
1.087263577385310320e+00
1.087257263372369387e+00
1.087250874610921736e+00
1.087244706130597427e+00
1.087238447030646871e+00
1.087232068782293615e+00
1.087225990299198752e+00
1.087219700343248441e+00
1.087213323285567412e+00
1.087207208040467998e+00
1.087201111690524913e+00
1.087194726697284120e+00
1.087188430476774492e+00
1.087182583998865359e+00
1.087176287859537904e+00
1.087170260203262906e+00
1.087163998376943663e+00
1.087157821595739815e+00
1.087151855637933595e+00
1.087145868356270695e+00
1.087139720178260660e+00
1.087133587330155304e+00
1.087127427211597164e+00
1.087121365046123556e+00
1.087115310613254282e+00
1.087109393689494441e+00
1.087103236310835497e+00
1.087097424186525663e+00
1.087091301249413222e+00
1.087085263120634915e+00
1.087079424618876411e+00
1.087073513107263079e+00
1.087067463863289118e+00
1.087061394154636540e+00
1.087055615457095614e+00
1.087049542501155264e+00
1.087043724064929551e+00
1.087037760589945501e+00
1.087031788529944309e+00
1.087025886442230860e+00
1.087019886448788997e+00
1.087014084891694932e+00
1.087008104537579456e+00
1.087002387220543875e+00
1.086996544287590405e+00
1.086990756896789589e+00
1.086984718598881683e+00
1.086978944021337323e+00
1.086973167028622456e+00
1.086967450070141616e+00
1.086961788430562237e+00
1.086955713323293660e+00
1.086950025326561153e+00
1.086944196986107558e+00
1.086938417990898742e+00
1.086932733647365090e+00
1.086927179107397556e+00
1.086921358763390133e+00
1.086915499871370150e+00
1.086909864413048821e+00
1.086904125569201129e+00
1.086898493236394314e+00
1.086892868318228178e+00
1.086886949236375077e+00
1.086881249157025664e+00
1.086875567573686752e+00
1.086870038071661604e+00
1.086864275367013244e+00
1.086858621547985404e+00
1.086852753008814343e+00
1.086847143853524544e+00
1.086841693680035137e+00
1.086835722492742518e+00
1.086830165855568353e+00
1.086824463753429448e+00
1.086818817213738297e+00
1.086813206624229755e+00
1.086807747371864696e+00
1.086801988881925585e+00
1.086796495688637343e+00
1.086790877914504572e+00
1.086785188997707152e+00
1.086779481327822650e+00
1.086774060535522946e+00
1.086768598313242684e+00
1.086762927222702402e+00
1.086757481926909907e+00
1.086751702836988409e+00
1.086746292442775097e+00
1.086740713297837058e+00
1.086735242057567774e+00
1.086729652304822880e+00
1.086724271454163615e+00
1.086718484158075038e+00
1.086712897300828429e+00
1.086707327748919871e+00
1.086701741588487202e+00
1.086696397993690555e+00
1.086690717357477354e+00
1.086685127117639205e+00
1.086679987425458016e+00
1.086674303880216019e+00
1.086668963979209312e+00
1.086663481008112830e+00
1.086657904975159017e+00
1.086652482836587774e+00
1.086647036377183850e+00
1.086641556788678908e+00
1.086636166947091420e+00
1.086630804369191239e+00
1.086625198325885666e+00
1.086619939830326009e+00
1.086614250832346640e+00
1.086608963334447342e+00
1.086603323553174238e+00
1.086598153647685860e+00
1.086592609749351235e+00
1.086587080747949630e+00
1.086581848048032706e+00
1.086576443965735050e+00
1.086571036392602885e+00
1.086565627256713462e+00
1.086560257927160933e+00
1.086554734784407561e+00
1.086549431543927691e+00
1.086544025702682381e+00
1.086538637667398888e+00
1.086533285311690245e+00
1.086527779440449315e+00
1.086522469969235738e+00
1.086517079721737389e+00
1.086511880610953940e+00
1.086506377209004892e+00
1.086500960076669076e+00
1.086495742016608146e+00
1.086490302944784103e+00
1.086485055787671072e+00
1.086479466034926178e+00
1.086474217518011542e+00
1.086468796820424298e+00
1.086463587717465762e+00
1.086458033644295940e+00
1.086452519181272391e+00
1.086447384197658739e+00
1.086441920439681796e+00
1.086436589522838281e+00
1.086431180562843712e+00
1.086425904829597666e+00
1.086420556147383643e+00
1.086415040608696092e+00
1.086409654548845971e+00
1.086404437293841729e+00
1.086399005805787743e+00
1.086393588801990662e+00
1.086388228612200191e+00
1.086382834183818646e+00
1.086377405658914830e+00
1.086372016683270658e+00
1.086366724375326553e+00
1.086361288056931773e+00
1.086355957072436373e+00
1.086350539121513581e+00
1.086345298411619975e+00
1.086339795057027047e+00
1.086334829920097667e+00
1.086329144007041725e+00
1.086323874727780359e+00
