3.976505307403421785e-01
4.052550933139290601e-01
4.049713410727587282e-01
4.059928493006303429e-01
4.076386129492142740e-01
4.109301403326382496e-01
4.146189206686729523e-01
4.184212020019770217e-01
4.228477385851725501e-01
4.277850293533382864e-01
4.328358210189869881e-01
4.379433628991326599e-01
4.425969013550936082e-01
4.474206913120325479e-01
4.670563528563593247e-01
4.748879177272268826e-01
4.554225072661280405e-01
4.600760456544371602e-01
4.739799100399748055e-01
4.865217635102659366e-01
4.980988590213039080e-01
5.113217183094642682e-01
5.200612903432823009e-01
5.307871290310226531e-01
5.403779579591726501e-01
5.459962547667673860e-01
5.541683217939430417e-01
5.639294021943188628e-01
5.757334999705029377e-01
5.766415074615647285e-01
5.830543100390773725e-01
5.892401108757455708e-01
5.971851770111071822e-01
6.036547303883051940e-01
6.098405308292101923e-01
6.171613418178494292e-01
6.217581298056190642e-01
6.285114352599316945e-01
6.326542193770144928e-01
6.404857839163881073e-01
6.647182337732132629e-01
6.537653932803592083e-01
6.462175810041428381e-01
6.650587370423939326e-01
6.657964930646124158e-01
6.584189316754335275e-01
6.615969582797652793e-01
6.667612504319120337e-01
6.706770330652274126e-01
6.727200501163067559e-01
6.764655806211734568e-01
6.800976110454531876e-01
6.838998922214667431e-01
6.858861585405126027e-01
6.894046878288365710e-01
6.933772202775031479e-01
6.943987286372959034e-01
6.971227511781331598e-01
7.000170252520829806e-01
7.028545482658878907e-01
7.050678168568449422e-01
7.080755916033353303e-01
7.104591111388340874e-01
7.113671185622441051e-01
7.141478914359690178e-01
7.165314113604658308e-01
7.181771751375881641e-01
7.204471937400868109e-01
7.220362065179509736e-01
7.231144654812386996e-01
7.257817374862327586e-01
7.268599965137897412e-01
7.295840191831653998e-01
7.305487768143071881e-01
7.314567845049418926e-01
7.334430508848743813e-01
7.351455648663460796e-01
7.363373249622068295e-01
7.370183300562014317e-01
7.399126041301512524e-01
7.409341125575957809e-01
7.430906304131368323e-01
7.442823899846958691e-01
7.454741498167144487e-01
7.471766640586456898e-01
7.483684239583161535e-01
