1.098776320324373890e+00
1.096107923350629898e+00
1.093928242093703096e+00
1.091798667266104861e+00
1.089653383027370026e+00
1.087320984996317019e+00
1.084866888548403629e+00
1.082216027253710910e+00
1.079345915470563799e+00
1.076234542804627381e+00
1.072712134350226387e+00
1.068642224554346987e+00
1.064227086137503386e+00
1.059135042148282801e+00
1.053363661531706352e+00
1.046023636675809110e+00
1.037717042300251968e+00
1.027716295002443214e+00
1.016332263789851531e+00
1.005245611383630777e+00
9.974559299704043314e-01
9.858220373012646087e-01
9.737306446637004065e-01
9.637306097295130769e-01
9.518353270859272186e-01
9.419086218204977268e-01
9.347861023233626776e-01
9.203625278632288076e-01
9.117569472738213943e-01
8.992961029460864175e-01
8.876375393999819119e-01
8.798342559199741064e-01
8.689470115953281670e-01
8.558294749795751777e-01
8.498004801927809826e-01
8.464108989895097190e-01
8.313471908892982043e-01
8.295904619761002019e-01
8.111521234564286198e-01
8.154696221688799707e-01
8.028087082498291949e-01
8.021869412731430504e-01
7.839892875640158687e-01
7.911246758937213741e-01
7.805154559818070492e-01
7.649625847358707542e-01
7.590624891759778503e-01
7.582322874828808512e-01
7.464533755155652317e-01
7.452708498944923265e-01
7.329924207906515221e-01
7.322495863146885053e-01
7.286083209792666437e-01
7.145348466232154250e-01
7.093054901477218177e-01
6.979572046094649762e-01
7.001822580612515612e-01
6.861907475537633028e-01
6.874135431566287258e-01
6.742958071404895337e-01
6.792341783472793937e-01
6.625392631344908523e-01
6.655608277458601174e-01
6.523797902371676338e-01
6.366720727911926447e-01
6.307837382313288277e-01
6.366435083078678669e-01
6.197006869590767630e-01
6.245955647164458391e-01
6.178449314552947325e-01
6.029082800776306428e-01
6.077364801169862218e-01
6.027584534471838174e-01
5.869408087152390152e-01
1.095529569070757603e+00
8.044188355054617823e-01
6.919264739714269252e-01
6.653683304204875970e-01
5.874202158210104496e-01
5.985249164636069485e-01
5.845300252757855697e-01
5.797498302815294879e-01
5.632429223117164652e-01
5.578504914180976160e-01
5.520439368967746674e-01
5.462829870761208850e-01
5.334906956914212683e-01
5.290132947314726275e-01
5.572913740172531494e-01
5.190190083999096649e-01
5.206757604324900868e-01
5.080444020774684821e-01
5.132948839429707366e-01
4.992909546228849194e-01
4.946250670018852991e-01
4.894696780639584688e-01
