4.038363317732007185e-01
4.045740875958462879e-01
4.044038362301720091e-01
4.041768343540239616e-01
4.043470857585980127e-01
4.043470857941152685e-01
4.044038363908450950e-01
4.049713410727587282e-01
4.050280913735118116e-01
4.054820953186156207e-01
4.055955962228636746e-01
4.062198514372379332e-01
4.069576074915910446e-01
4.082628679961502471e-01
4.092276262124803221e-01
4.107598886320873999e-01
4.124056524092097886e-01
4.145054197644248428e-01
4.170591908973053652e-01
4.192157086598251592e-01
4.208047217015314367e-01
4.228477386528243787e-01
4.252312579887502220e-01
4.277282786889566313e-01
4.297712954406766594e-01
4.311333067804383745e-01
4.339708302542757412e-01
4.361273479136264508e-01
4.382838658368193308e-01
4.412348901827701786e-01
4.440724135957208607e-01
4.473639408117065508e-01
4.504284658657152218e-01
4.522444810761637179e-01
4.551387549928230247e-01
4.580330288993345600e-01
4.612110549252431690e-01
4.647863344179163914e-01
4.660348444289147962e-01
4.693831220522051706e-01
4.717098917689701576e-01
4.745474150144826098e-01
4.785199476880915292e-01
4.812439702289287302e-01
4.845354974482970478e-01
4.877135235706094862e-01
4.906645478201564492e-01
4.936155724587014682e-01
4.962828441068320995e-01
4.987231145604069105e-01
5.015038872734587372e-01
5.042279099140823950e-01
5.065546791065457244e-01
5.087679473693914600e-01
5.107542134956295499e-01
5.127972304756744926e-01
5.154077522441846693e-01
