3.071335340038708894e-01
3.473696156589528017e-01
3.869814424920410834e-01
4.167186880881572075e-01
4.305658020951421694e-01
4.378298621910748367e-01
4.415186423630538814e-01
4.429941547964888482e-01
4.478179443965643602e-01
4.514499745248672369e-01
4.545144997074143656e-01
4.604732989030246859e-01
4.680211110405548269e-01
4.765904319336408679e-01
4.875432722624392645e-01
5.018443898576645523e-01
5.121729754574906313e-01
5.244310765902074900e-01
5.433857331623128673e-01
5.568355939274755029e-01
5.711934620619266711e-01
5.849270754285056384e-01
6.009874584475803916e-01
6.129618069721157747e-01
6.217013793374276398e-01
6.332784743309292086e-01
6.438340614077574520e-01
6.529708867256801552e-01
6.611997052019986665e-01
6.691447701602184495e-01
6.783950969320604596e-01
6.859996595445471135e-01
6.950797343232441028e-01
7.013222856957554985e-01
7.102888598661810660e-01
7.177231715239783538e-01
7.266329949014838085e-01
7.322512913843497451e-01
7.394586004522721856e-01
7.471766639267246601e-01
7.550649792048969022e-01
7.571079960597859593e-01
7.648260599333841503e-01
7.701038531436869006e-01
7.760059022313517962e-01
7.814539468462287086e-01
7.863344869821473626e-01
7.933147947692579249e-01
7.967765734574694392e-01
8.012031099155091374e-01
3.343170082370902629e-01
8.067079052624194224e-01
8.114181938618429957e-01
8.173769934143166882e-01
8.212927759157110374e-01
8.245275520140477044e-01
