1.097959133906381002e+00
1.094642509647492989e+00
1.091831863701096639e+00
1.089043678236659929e+00
1.086258494186249868e+00
1.083395598187876008e+00
1.080457670782935864e+00
1.077449301735414977e+00
1.074361228183817518e+00
1.071123959507927825e+00
1.067737730310761579e+00
1.064201942786923594e+00
1.060459363535634303e+00
1.056543176273341489e+00
1.052396672780421261e+00
1.047995768410076689e+00
1.043339442566800779e+00
1.038437474342908118e+00
1.033256848116453019e+00
1.027741853464651633e+00
1.021846062959400836e+00
1.015476909156527885e+00
1.008340037861501504e+00
1.000315928924611963e+00
9.909923472629624808e-01
9.807984235913033144e-01
9.703961151404315588e-01
9.579347981631867182e-01
9.460796225890216737e-01
9.317552266823948548e-01
9.150808315888401268e-01
8.981370931789030010e-01
8.838013855954059972e-01
8.781644125496459452e-01
8.663820601079271766e-01
8.570073958551644999e-01
8.355617176748337815e-01
8.357454756150403119e-01
8.141661129841556432e-01
8.179886881463962478e-01
7.927199356652410156e-01
7.854564240142372089e-01
7.722939213682984416e-01
7.625630600729389474e-01
7.518095386792078560e-01
7.418243889978867189e-01
7.314444471485301857e-01
7.209547777247884426e-01
7.105973943713628227e-01
7.008971551085538820e-01
6.911057049797447727e-01
6.805811728158486229e-01
6.704965004801350936e-01
6.605978870958768567e-01
6.503429881567500681e-01
6.404987163247656268e-01
6.307629412503634736e-01
6.213290916284240906e-01
6.121842770725040017e-01
6.136866870786171768e-01
5.932640185908720776e-01
5.852002474866736526e-01
5.767556055031463069e-01
5.679957032555463803e-01
5.590926745335553782e-01
5.503269846651381858e-01
5.413199363870535574e-01
5.324264595723843252e-01
5.243077236632809335e-01
5.155186609975339618e-01
5.069560970677453593e-01
4.996293392972110947e-01
4.907576512156560655e-01
4.829113329707084290e-01
4.752829569648190366e-01
4.674100497883718064e-01
4.596299270459589525e-01
4.518578902024780741e-01
4.442506505867847566e-01
4.361387482499110013e-01
4.292447129938349315e-01
4.219912802291561627e-01
4.144716033325462901e-01
4.071274099045001371e-01
4.008950556432691603e-01
3.937727896257018356e-01
