1.096748069983241480e+00
1.091879772596032971e+00
1.088378582982495679e+00
1.085244117127625252e+00
1.082302914555528295e+00
1.079491754171086670e+00
1.076802402692474070e+00
1.074188389895039508e+00
1.071597281219969888e+00
1.069010756734375400e+00
1.066406991734663467e+00
1.063778759300570087e+00
1.061083023498469835e+00
1.058293807121622354e+00
1.055382295286984906e+00
1.052266439875492399e+00
1.048843201420024407e+00
1.044887805775219780e+00
1.040003938278757589e+00
1.033363814995552854e+00
1.024154937184091674e+00
1.013487194731952368e+00
1.001668736089149192e+00
9.887101430335764052e-01
9.742065301230204977e-01
9.588468092455711966e-01
9.433215877659495430e-01
9.286313604857971971e-01
9.154698294994136898e-01
9.044997454717883523e-01
8.930891743854214582e-01
8.830230244070208512e-01
8.745109297808287829e-01
8.651850029921722696e-01
8.574149698555167953e-01
8.503879767346143037e-01
8.426427183915169428e-01
8.362215293379919867e-01
8.297844114107939539e-01
8.288192227089569153e-01
8.184777801021003718e-01
8.134289933288755270e-01
8.083283027660345121e-01
8.029082392051010153e-01
7.975244630067047646e-01
7.921455565257142784e-01
7.877670936677561020e-01
7.991694031295627498e-01
7.794824586330806326e-01
7.762082143861179784e-01
7.711650967618256525e-01
7.671747552868889430e-01
7.631842695072164062e-01
7.593514216581448428e-01
7.557204069246140632e-01
7.520497715315546117e-01
7.483886006667133106e-01
7.450705725782325040e-01
7.416228904849141434e-01
7.380103924597685161e-01
7.357043964821826654e-01
7.316671211612216785e-01
7.284392176905160055e-01
7.251670138295098766e-01
7.220966229643902556e-01
7.205907535853353085e-01
7.164614802625676182e-01
7.131503038905372405e-01
7.102856699606256985e-01
7.074012254066645022e-01
7.044310841622062336e-01
7.020369654961188255e-01
6.987455376606713786e-01
6.959563454558228557e-01
6.934118391158976547e-01
6.916503542283154449e-01
6.881707945961084150e-01
6.855761675286404788e-01
6.968055059653961436e-01
6.812222311346682879e-01
6.787724893403360715e-01
6.762821126975967490e-01
6.741669654142612433e-01
6.718326109667032142e-01
6.697675576850549151e-01
6.677225065227264666e-01
6.658023748906027883e-01
6.639607665785175472e-01
6.618608736056934561e-01
6.600794293851913741e-01
