3.352250156943261117e-01
3.952670108767320500e-01
4.251745076203453100e-01
4.330060722595053813e-01
4.349923388457759832e-01
4.392486237673204341e-01
4.431644061689283265e-01
4.479881957334866383e-01
4.486124509478608413e-01
4.583735314158885465e-01
4.794847057792657741e-01
5.104137109503235070e-01
5.515578000575674933e-01
5.698882017434100389e-01
5.945746552172276322e-01
6.132455589240745075e-01
6.267521703570013702e-01
6.220986322223865939e-01
6.342432324187208259e-01
6.465580837557869387e-01
6.555814083267520465e-01
6.621077126930604573e-01
6.687475168828789229e-01
6.770898362989627994e-01
6.826513816540320523e-01
6.892911869601057173e-01
6.945122299017899570e-01
7.008682822749533470e-01
7.072810851129255338e-01
7.128993813353319275e-01
7.201634412029397359e-01
7.257249869537721887e-01
7.334998015560212359e-01
7.380965890837584142e-01
7.418421203767689986e-01
7.507519433585112534e-01
