2.939674253479575561e-01
2.951591849837858494e-01
2.975994553122047748e-01
2.987344644189550702e-01
3.032745020992064222e-01
3.073037851124682529e-01
3.116168206628771586e-01
3.180296236006357469e-01
3.235911694833892849e-01
3.305147266382527094e-01
3.364167752625026320e-01
3.444185914770576118e-01
3.503206400049036495e-01
3.596277169202081736e-01
3.649055104941394956e-01
3.719993188861387967e-01
3.789796265413282184e-01
3.842574199867210827e-01
3.895919642284166873e-01
3.948697576382922958e-01
3.970262755902371765e-01
4.020203167876945094e-01
4.021338174670002763e-01
4.051415923487943216e-01
4.079223652225192343e-01
4.093978773988772857e-01
4.107031384564902021e-01
4.108166391290307695e-01
4.108166391645479698e-01
4.118948982885087817e-01
4.129731570877408497e-01
4.129731568949331355e-01
4.134271607723851161e-01
4.142216672949295408e-01
4.134839113978669434e-01
4.132001590281580983e-01
4.126894045539762912e-01
4.132569094286976386e-01
4.125759037782666949e-01
4.125759038712879523e-01
4.125759036175936090e-01
4.122921514017926503e-01
4.121218998652975141e-01
4.112706431350212077e-01
4.111003916729430996e-01
4.104193860833987850e-01
4.103058849542083331e-01
4.100221327773072022e-01
4.095681290283936793e-01
4.096248795642368767e-01
4.095681287679341365e-01
4.091708756512676959e-01
4.090573747537847860e-01
4.088871232781762788e-01
4.088871233779627357e-01
4.086033708086809768e-01
4.083196185641280174e-01
4.083763690390845857e-01
4.081493671916885946e-01
4.081493670631500814e-01
4.083763689680501852e-01
4.084331196036797840e-01
4.083196186283972740e-01
4.081493672272057949e-01
4.080926168909355112e-01
4.082628681635884771e-01
4.083763690001847579e-01
4.084898699399501232e-01
4.088871233136934791e-01
4.093411270237071742e-01
4.097383801725082431e-01
4.096816297043168742e-01
4.098518811731601819e-01
4.105328869876468389e-01
4.116111457513617067e-01
4.127461550187850881e-01
4.135406616377333977e-01
4.142784179593111960e-01
4.163781851149533364e-01
4.177401963802980789e-01
4.198967142713563305e-01
4.219397311617625879e-01
4.247205039712182439e-01
4.270472732313334019e-01
4.305658019987382845e-01
4.341410815658285904e-01
4.372623575768130877e-01
4.429374042572630787e-01
4.495204584067880038e-01
4.505987174022103581e-01
4.525849836925042169e-01
4.558197603472772252e-01
4.580897792356048437e-01
4.609840531454989510e-01
4.637080756863362074e-01
4.687588671270425111e-01
4.702343791393448491e-01
4.723908972519628158e-01
4.747744169193826580e-01
4.767039329021582339e-01
4.787469496961606064e-01
4.805629645463631583e-01
4.826059814621388444e-01
4.859542592207329315e-01
4.885080302538269970e-01
4.904942964798515992e-01
4.934453209222063319e-01
4.959990919586830249e-01
4.982691107506067585e-01
5.005391294461266627e-01
5.028658982851090808e-01
5.046819135598268335e-01
5.070086827878074187e-01
5.096759546608803371e-01
5.116622214501064247e-01
5.135349865621622323e-01
5.153510014833991848e-01
5.181885250248884356e-01
5.198910391636505368e-01
5.218205553172469147e-01
5.243175755929381232e-01
5.268713463977072742e-01
5.277226040125312378e-01
5.298223709398485193e-01
5.314113838496337117e-01
5.335679015766362498e-01
5.349299133020134489e-01
5.365756770470012649e-01
5.382781910284728522e-01
5.407184607040516067e-01
5.425344756861751883e-01
5.458827534380040758e-01
5.475285174079341788e-01
5.493445317372176451e-01
5.512740482476774506e-01
5.521253047428636984e-01
5.538278193129062554e-01
5.550195790130038054e-01
5.570625956750850927e-01
5.588786105895569012e-01
5.606378751034891694e-01
5.622268884766894459e-01
5.637591509182833249e-01
5.659156689733971790e-01
5.672776800746862635e-01
5.694909483375319992e-01
5.711367121755410725e-01
5.726122241523261547e-01
5.739742351284593536e-01
5.755064979624338051e-01
5.766982579974079259e-01
5.781170197664612376e-01
5.801600362255870946e-01
5.819760510791721630e-01
5.835650641208784961e-01
5.847568242167392460e-01
5.867998412678185893e-01
5.870268428158552654e-01
5.881618526363323607e-01
5.909426255777091574e-01
5.913966293232401084e-01
5.920776347453461375e-01
5.937801483344371523e-01
5.946314054181942588e-01
5.953691615080645150e-01
5.967879233413870832e-01
5.972986773589190612e-01
5.991146925372329290e-01
6.001929512400611122e-01
6.013279609286171778e-01
6.018954652858019561e-01
6.034277284512704620e-01
6.047897391601788630e-01
6.054707451065866053e-01
6.076840131732420547e-01
6.083650192448056826e-01
6.094432778157127251e-01
6.104647865712686805e-01
6.117700472754007412e-01
6.122808010967424330e-01
6.134158107819158712e-01
6.164803358071724304e-01
6.178423473076073424e-01
6.176153449748094104e-01
6.190341068115146062e-01
6.196016120177298969e-01
6.201691165034531883e-01
6.211338745878622891e-01
6.221553827582297913e-01
6.243686508215026132e-01
6.266386695491571457e-01
6.269791725578782726e-01
6.274899265077583665e-01
6.280574315786700001e-01
6.290221896698442450e-01
6.293059420784529179e-01
6.298166962245232980e-01
6.301004481088302578e-01
6.314057090768044889e-01
6.320299642911787474e-01
