4.003745529496854361e-01
4.035525794001092459e-01
4.036093298006487862e-01
4.036093296078410719e-01
4.036093298683006148e-01
4.036660801081670691e-01
4.037795810124151785e-01
4.042903353546759004e-01
4.046308380352856005e-01
4.067873558586920235e-01
4.072981101688181171e-01
4.088303727490982808e-01
4.105896374592208353e-01
4.113273934104048624e-01
4.150729245072251050e-01
4.184212018734385641e-01
4.249475058761183477e-01
4.347653369087412512e-01
4.432211567013888964e-01
4.484989500148607311e-01
4.575790249931305786e-01
4.579195275418191935e-01
4.358435957012081197e-01
3.941887519523441519e-01
4.289767889857840077e-01
4.481584472378471462e-01
4.610408035460384912e-01
4.685318654183327491e-01
4.738664093319169823e-01
4.706316329409860888e-01
4.666023495674782584e-01
4.727314000002243444e-01
4.826627318694435842e-01
4.760796777486706599e-01
3.881164518846203504e-01
3.758583509903761777e-01
4.185914532103607866e-01
4.120083990642184335e-01
4.100221327773072022e-01
4.089438736787158191e-01
4.084898701040057811e-01
4.084331194362414985e-01
4.086601216049837171e-01
