3.678565346439000572e-01
4.032120765266918316e-01
4.036093299393350708e-01
4.036093297076275288e-01
4.036093298361659865e-01
4.036093297397621571e-01
4.036093298040314137e-01
4.036093297685141579e-01
4.036093298040314137e-01
4.036093298040314137e-01
4.036093299004352430e-01
4.036093297685141579e-01
4.036093299325698713e-01
4.036093299004352430e-01
4.036093297685141579e-01
4.036093296365931282e-01
4.036093297042449568e-01
4.036093299038178150e-01
4.036093297076275288e-01
4.036093296399757002e-01
4.036093296078410719e-01
4.036093296687277565e-01
4.036093298361659865e-01
4.036093297076275288e-01
4.036093296754929005e-01
4.036093299393350708e-01
4.036093299004352430e-01
4.036093298006487862e-01
4.036093296721103285e-01
4.036093298327834145e-01
4.036093296078410719e-01
4.036093298395486140e-01
4.036093299038178150e-01
4.036093297752793574e-01
4.036093299325698713e-01
4.036093298040314137e-01
4.036093299359524433e-01
4.036093297042449568e-01
4.036093296399757002e-01
4.036093297329969576e-01
4.036093298716832423e-01
4.036093298006487862e-01
4.036093297008623293e-01
4.036093296010759279e-01
4.036093297076275288e-01
4.036093299004352430e-01
4.036093299359524433e-01
4.036093298395486140e-01
4.036093296721103285e-01
4.036093298040314137e-01
4.036093296399757002e-01
4.036093296365931282e-01
4.036093298395486140e-01
4.036093299325698713e-01
4.036093296721103285e-01
4.036093296078410719e-01
4.036093296721103285e-01
4.036093297752793574e-01
4.036093299325698713e-01
4.036093299359524433e-01
4.036093298361659865e-01
4.036093298074139857e-01
4.036093297685141579e-01
4.036093298040314137e-01
4.036093299038178150e-01
4.036093298040314137e-01
4.036093297042449568e-01
4.036093298716832423e-01
4.036093299359524433e-01
4.036093297363795851e-01
4.036093298040314137e-01
4.036093296399757002e-01
4.036093299004352430e-01
4.036093297363795851e-01
4.036093297685141579e-01
4.036093297042449568e-01
4.036093297363795851e-01
4.036660803077399828e-01
4.037228305763584379e-01
4.038363315414931765e-01
4.039498325455277428e-01
4.044038363587104667e-01
4.044038362910586382e-01
4.047443392963971376e-01
4.049145904726462741e-01
4.051415924807154068e-01
4.050848418806029527e-01
4.053685942469292258e-01
4.054820950869080787e-01
4.060496000326638266e-01
4.063901026811388983e-01
4.066171044575004889e-01
4.069008569236132189e-01
4.072413598646824617e-01
4.072981101045489161e-01
4.076386131098873600e-01
4.081493672305883669e-01
4.080926167201145982e-01
4.082628681635884771e-01
4.091141252185935828e-01
4.095113783318773959e-01
4.100788831135774859e-01
4.105328867559393524e-01
4.114408943856873724e-01
4.118381474955886690e-01
4.119516486636788932e-01
4.135406616022161974e-01
4.140514157871864054e-01
4.152999263799905805e-01
4.156404289286791953e-01
4.181942000649423452e-01
4.180239488531759529e-01
4.191589579886783046e-01
4.198967142713563305e-01
4.210317234136238262e-01
4.214289766808155813e-01
4.233017421023785309e-01
4.233584925739524718e-01
4.235854945363565771e-01
4.249475058439837194e-01
4.252880086886491329e-01
4.260257645755639033e-01
4.265932692929947367e-01
4.278985300613961096e-01
4.269905228307938616e-01
4.292605413910100531e-01
4.307360534033123911e-01
4.315873107255421837e-01
4.313603086210692217e-01
4.331195731028668616e-01
4.330628228308657790e-01
4.331195733599437769e-01
4.341978320306373318e-01
4.348788378806411892e-01
4.355030929952289909e-01
4.360705976128733674e-01
4.368083538278995648e-01
4.368083537957649365e-01
4.374893594140613073e-01
4.384541172413933818e-01
4.385676181777761196e-01
4.392486237351858058e-01
4.404403834674179841e-01
4.414051414943229723e-01
4.423131492424617339e-01
4.423698994857107603e-01
4.431076555688158725e-01
4.429941546324331902e-01
4.439589125916863499e-01
4.442426650290470236e-01
4.453209239314480650e-01
4.453776743607396060e-01
4.459451789462494098e-01
4.468531865337150855e-01
4.475341922839324860e-01
4.471369387139987883e-01
4.483286986458038248e-01
4.492367060692137870e-01
4.505419669340189892e-01
4.517337268015548246e-01
4.518472277345549903e-01
4.524714830165810220e-01
4.539469950610179882e-01
4.545712501079539059e-01
4.549685036559008022e-01
4.555360083022971796e-01
4.567845184063168418e-01
4.576357753615354906e-01
4.577492763943220577e-01
4.572952725202526492e-01
4.596220419122888368e-01
4.605300492071603413e-01
4.601895465586852696e-01
4.609840529493086647e-01
4.628568186668483575e-01
4.630270698397149221e-01
4.640485783669459074e-01
4.648998353576817011e-01
4.663753476304435819e-01
4.669996027128967553e-01
4.674536065226969073e-01
4.696668747500253871e-01
4.701776289992649072e-01
4.705748823408736348e-01
4.714828896002279390e-01
4.735259067510937392e-01
4.739231600960850943e-01
4.747744167553269445e-01
4.764769310970445870e-01
4.780091934422346367e-01
4.786334487597779241e-01
4.806764654184766394e-01
4.810169686200054251e-01
4.810169682563768534e-01
4.848760001289066923e-01
4.857272570841253412e-01
4.857272574122367126e-01
4.865785144384897065e-01
4.896997900215763755e-01
4.896430394569811773e-01
4.911753019019576838e-01
4.932750697493397674e-01
4.942398273162122990e-01
4.941263266402891041e-01
4.953180863048694538e-01
4.969638499179361846e-01
5.032631520224810640e-01
5.093922022590369192e-01
5.074059360651469452e-01
5.176210202787054904e-01
5.164860108472264510e-01
5.230690653823668601e-01
5.217070543132124039e-01
5.291981158540127739e-01
5.291413653892039770e-01
5.324896432729538942e-01
5.338516543810081227e-01
5.420804720624176065e-01
5.430452300284359657e-01
5.411724649705016432e-01
5.440099879876890698e-01
5.495147833379820934e-01
5.446342428773345290e-01
5.541683216620219010e-01
5.595028658648177888e-01
5.571193459437036033e-01
5.659156685133647224e-01
5.637591511719776127e-01
5.681856877720861121e-01
5.727824756245520899e-01
5.706259576337073813e-01
5.828273085620750971e-01
5.821463026799366114e-01
5.794790303434486090e-01
5.980931842417094302e-01
5.914533795918585080e-01
5.920208838171223675e-01
5.932126440449041471e-01
5.858350828552981726e-01
6.092730263468694174e-01
6.027467225725146038e-01
6.049599909571335976e-01
6.009874581905033653e-01
6.224958853678050907e-01
6.222121330945000750e-01
5.861188351319858159e-01
6.205663693850295148e-01
6.206798705243676828e-01
6.320299645550209178e-01
6.251064072327191523e-01
6.337892286275249587e-01
6.322002154961798848e-01
6.346972361676342933e-01
6.391237728827509068e-01
6.246524032334939136e-01
6.328812209216685414e-01
6.450825717147325999e-01
6.555814087191327300e-01
6.689745192765634840e-01
6.380455135304651249e-01
6.411667895989536792e-01
6.665342486910675879e-01
6.604619489227031570e-01
6.652289881729780419e-01
6.743658136972389139e-01
6.746495657067017593e-01
6.774303390370765010e-01
6.702230291167410314e-01
6.749333183757698640e-01
6.717552916327519386e-01
6.880994265970202806e-01
6.832756370713617411e-01
6.806083649378291689e-01
6.947392318422073165e-01
6.762953295447108326e-01
6.997900229192850485e-01
6.915612056776124783e-01
6.892344362280722336e-01
7.018330403559798203e-01
6.718120426150971936e-01
7.008682822106840904e-01
7.123318763929588071e-01
6.874751715822189357e-01
7.165881617068838860e-01
7.190851824392249236e-01
7.121616253164960719e-01
7.219794559854904037e-01
7.166449123069962290e-01
6.976902557315082243e-01
7.291300155729382171e-01
7.193689347125298283e-01
7.324782928004653915e-01
7.290165146940594809e-01
7.247602295797073158e-01
7.233982180894202862e-01
7.319107882504728435e-01
7.310027810164879680e-01
7.358265708195189658e-01
7.439418873751205696e-01
7.285057600270700151e-01
7.359968216964087873e-01
7.238522215609612953e-01
7.438851372891620573e-01
7.561999887682970822e-01
7.565972419746022082e-01
