1.093593024069615671e+00
1.091674515699178061e+00
1.089849594076269357e+00
1.088164517905328976e+00
1.086499590397719928e+00
1.084793046230991376e+00
1.083080419596475164e+00
1.081393636813411829e+00
1.079745248838718696e+00
1.078133839503109037e+00
1.076565238155048787e+00
1.075034353980803825e+00
1.073563542338155319e+00
1.072119758000716683e+00
1.070693316121937855e+00
1.069269947232821760e+00
1.067843775379556881e+00
1.066432940209671720e+00
1.064990922890675096e+00
1.063538574163058970e+00
1.062088640328399558e+00
1.060557383135494636e+00
1.059006770151940557e+00
1.057433550402874678e+00
1.055834090389693225e+00
1.054181898569087839e+00
1.052476481387133678e+00
1.050759021509695579e+00
1.048936802381202904e+00
1.047080286041263131e+00
1.045176531797532116e+00
1.043203856704062016e+00
1.041162228748006902e+00
1.039088276050789128e+00
1.036926786337109441e+00
1.034724104601316252e+00
1.032382730525465808e+00
1.029955573739816499e+00
1.027384522776958020e+00
1.024627090400196616e+00
1.021722483990797459e+00
1.018665912351450764e+00
1.015301973241580225e+00
1.011749395730986434e+00
1.007891039390730770e+00
1.003662849726183692e+00
9.991935503536263363e-01
9.941956018029570741e-01
9.887536424600362750e-01
9.830131603352132430e-01
9.772068028870536383e-01
9.714309680672280622e-01
9.654706009812633605e-01
9.597890852400260409e-01
9.539767304436111983e-01
9.486233716174494734e-01
9.437385312403163695e-01
9.380455730275435444e-01
9.359524795304267064e-01
9.301548037130658031e-01
9.258531058161383331e-01
9.220713321050838518e-01
9.190168480320798361e-01
9.150675531481176073e-01
9.115607814975267287e-01
9.080594426305222955e-01
9.047216373515259979e-01
9.042926680472765932e-01
8.982314012809817783e-01
8.948725577915075391e-01
8.918420644713263012e-01
8.883944335160262051e-01
8.921632912648630453e-01
8.839046973442288291e-01
8.794396588496686817e-01
8.764675266017072364e-01
8.819218703495049771e-01
8.714713333724786182e-01
8.686256620171026732e-01
8.658707357448777175e-01
8.633499945287745891e-01
8.604611591444161212e-01
8.577358679761681870e-01
8.550513902131845478e-01
8.534206568866682385e-01
8.506881402763482036e-01
8.595320191869643134e-01
8.475320617928420175e-01
8.429608278902074314e-01
8.405109063889367738e-01
8.378795235173654987e-01
8.354094916335517151e-01
8.329698917144719994e-01
8.304623516570235342e-01
8.279080553971085443e-01
8.254959288219014812e-01
8.232255890085142802e-01
8.209275093909919052e-01
8.190947238652486195e-01
8.161339049144186175e-01
8.373127560069995035e-01
8.165631531877540761e-01
8.107641297188799001e-01
8.086212392792611059e-01
8.063912832583399748e-01
8.043204041765642520e-01
8.022374194357466681e-01
8.001851625450894234e-01
7.982045352327032939e-01
7.961373191897034296e-01
7.940977262852579877e-01
7.918991361456706457e-01
7.899178167719771437e-01
7.885274494196958806e-01
7.863664770767682111e-01
7.837405482991099959e-01
7.816170674401105023e-01
7.794587455673417375e-01
7.772509456560321439e-01
7.752381195701905092e-01
7.730229448990724173e-01
7.709908598763238752e-01
7.732508934983113313e-01
7.667731524975073265e-01
7.648238674018448258e-01
7.625270409938811333e-01
7.607277811036993187e-01
7.583072525128543573e-01
7.565395783995142454e-01
7.552725819424855880e-01
7.518830551989373889e-01
7.533289391582747019e-01
7.474593143749708180e-01
7.453449889159177166e-01
7.433067710146203932e-01
7.409688726158026872e-01
7.389315218993398604e-01
7.367764516711864387e-01
7.342402661308772283e-01
7.330072881699041254e-01
7.299745933712289414e-01
7.276119215183595168e-01
7.254537279472862421e-01
7.263756135009175052e-01
7.232410456913566099e-01
7.196491862810074913e-01
7.177676975196014553e-01
7.154905656451474583e-01
7.373957604983358838e-01
7.123359631858844354e-01
7.104957630297266125e-01
7.084477050006339205e-01
7.066024189557953417e-01
7.046913762015737381e-01
7.026728877996344380e-01
7.007727520459491322e-01
6.987956126691075021e-01
6.983826863130465634e-01
6.954303289926468956e-01
6.935612911311013207e-01
6.919300607632078437e-01
7.112340213228087737e-01
6.907786269456098749e-01
6.867757601301215375e-01
6.851051019814490273e-01
6.835526453739032560e-01
6.815714240480068575e-01
6.799961085027533825e-01
6.786179145831172654e-01
6.772611056504742599e-01
6.748178933841350036e-01
6.731447097013205649e-01
6.711273868118726726e-01
6.694252319567577381e-01
6.681601012458691091e-01
6.673827029392144228e-01
6.646018482778096592e-01
6.627122993995839817e-01
6.607464235687180443e-01
6.600352706984138340e-01
6.578388201528088119e-01
6.558925275377488484e-01
6.540906247645608129e-01
6.841991205070949711e-01
6.746635423413700483e-01
6.504935338179063109e-01
6.489886187795382844e-01
6.471877445340339374e-01
6.456506502262330249e-01
6.443333899614238636e-01
6.427009691682523673e-01
6.422808494776779398e-01
6.399441996779468012e-01
6.383935246069256664e-01
6.367372180903975165e-01
6.419513396443942144e-01
6.342113605964116996e-01
6.325538021760052088e-01
6.313576295199794242e-01
6.297877689481126140e-01
6.284129887262853709e-01
6.266341026853158303e-01
6.250440306692197634e-01
6.273259186770397955e-01
6.239327465653737859e-01
6.218850406302299794e-01
6.194473021715468652e-01
6.187325422545038034e-01
6.171938369570589833e-01
6.157013863015612376e-01
6.153849121911471043e-01
6.157193967746853458e-01
6.126547444929539843e-01
