3.635434991577603525e-01
3.760853526957033122e-01
3.857329322916175363e-01
3.940185007118257587e-01
3.992395437854310836e-01
4.000908007118976761e-01
4.013960615445682500e-01
4.023608194683042094e-01
4.031553260585005183e-01
4.034958288676486760e-01
4.036660803686266119e-01
4.034958288321314757e-01
4.035525794643785025e-01
4.036093299004352430e-01
4.036093297685141579e-01
4.036093296365931282e-01
4.036093297042449568e-01
4.036093299038178150e-01
4.036093297076275288e-01
4.036093296399757002e-01
4.036093296078410719e-01
4.036093296687277565e-01
4.036093298361659865e-01
4.036093297076275288e-01
4.036093296754929005e-01
4.036093299393350708e-01
4.036093299004352430e-01
4.036093298006487862e-01
4.036093296721103285e-01
4.036093298327834145e-01
4.036093296078410719e-01
4.036093298395486140e-01
4.036093299038178150e-01
4.036093297752793574e-01
4.036093299325698713e-01
4.036093298040314137e-01
4.036093299359524433e-01
4.036093297042449568e-01
4.036093296399757002e-01
4.036093297329969576e-01
4.036093298716832423e-01
4.036093298006487862e-01
4.036093297008623293e-01
4.036093296010759279e-01
4.036093297076275288e-01
4.036093299004352430e-01
4.036093299359524433e-01
4.036093298395486140e-01
4.036093296721103285e-01
4.036093298040314137e-01
4.036093296399757002e-01
4.036093296365931282e-01
4.036093298395486140e-01
4.036093299325698713e-01
4.036093296721103285e-01
4.036093296078410719e-01
4.036093296721103285e-01
4.036093297752793574e-01
4.036093299325698713e-01
4.036093299359524433e-01
4.036093298361659865e-01
4.036093298074139857e-01
4.036093297685141579e-01
4.036093298040314137e-01
4.036093299038178150e-01
4.036093298040314137e-01
4.036093297042449568e-01
4.036093298716832423e-01
4.036093299359524433e-01
4.036093297363795851e-01
4.036093298040314137e-01
4.036093296399757002e-01
4.036093299004352430e-01
4.036093297363795851e-01
4.036093297685141579e-01
4.036093297042449568e-01
4.036093297363795851e-01
4.036093298395486140e-01
4.036093296399757002e-01
4.036093296687277565e-01
4.036093299325698713e-01
4.036093298040314137e-01
4.036093297363795851e-01
4.036093299325698713e-01
4.036093297363795851e-01
4.036093296754929005e-01
4.036093297076275288e-01
4.036093299291872993e-01
4.036093296365931282e-01
4.036093299004352430e-01
4.036093297397621571e-01
4.036093296433582722e-01
4.036093297363795851e-01
4.036093297363795851e-01
4.036093298683006148e-01
4.035525794001092459e-01
4.036093297752793574e-01
4.036093299291872993e-01
4.037228305442238097e-01
4.038363315127411757e-01
4.037795811088190079e-01
4.038930821128535742e-01
4.038930820096845453e-01
4.040065832166745974e-01
4.043470859226537262e-01
4.043470859903055548e-01
4.046875887605539401e-01
4.045740877954192016e-01
4.048578399046684484e-01
4.053685942181771695e-01
4.052550933815808887e-01
4.055388455906166478e-01
4.060495997366870835e-01
4.061063504010687386e-01
4.071278587388745818e-01
4.071278587608614385e-01
4.076386128815624454e-01
4.083763690357020137e-01
4.083763692572617288e-01
4.085466204724106931e-01
4.092276261228416923e-01
4.095681290926629359e-01
4.103058850184775341e-01
4.104193859227256436e-01
4.109868907331777899e-01
4.126326540790197783e-01
4.133704102652939194e-01
4.148459224771691711e-01
4.160944329059176328e-01
4.172294421378238138e-01
4.189319560550262000e-01
4.221667328349551496e-01
4.226774869877907292e-01
4.245502525700267649e-01
4.247772544749268686e-01
4.267635207297034716e-01
4.307360533999298191e-01
4.322683162440520976e-01
4.338005790137573481e-01
4.365246013228870625e-01
4.387378695180809696e-01
4.424834003544416694e-01
4.427671528594541717e-01
4.425401508547676666e-01
4.479314454614855556e-01
4.488394529559299739e-01
4.504852164979622486e-01
4.105896371919960930e-01
4.036093298395486140e-01
4.036093298649180428e-01
4.036093296112236994e-01
4.036093299004352430e-01
4.036093297363795851e-01
4.036093298683006148e-01
4.036093298040314137e-01
