3.971397764657332852e-01
4.035525792394361599e-01
4.036093298361659865e-01
4.036093297685141579e-01
4.036093296754929005e-01
4.036093299325698713e-01
4.036093298361659865e-01
4.036093299359524433e-01
4.036093296399757002e-01
4.036093297076275288e-01
4.036093296754929005e-01
4.036093299359524433e-01
4.037795811730882645e-01
4.073548606082574852e-01
4.102491346179380494e-01
4.194994607301746337e-01
4.299415471412275092e-01
4.402701322268995909e-01
4.487259519485128356e-01
4.571250214116553412e-01
4.610975542171853458e-01
4.704613814332429533e-01
4.008853073595980421e-01
4.036093299359524433e-01
4.036093296433582722e-01
4.036093296399757002e-01
4.036093299359524433e-01
4.036093298683006148e-01
4.036093297685141579e-01
