3.897054650616303406e-01
4.036093296365931282e-01
4.036093296754929005e-01
4.036093296721103285e-01
4.036093296721103285e-01
4.036093299038178150e-01
4.036093298361659865e-01
4.036093298361659865e-01
4.036093296687277565e-01
4.036093297042449568e-01
4.036093298361659865e-01
4.036093297363795851e-01
4.036093298683006148e-01
4.036093298006487862e-01
4.036093298936700435e-01
4.036093298683006148e-01
4.036093298716832423e-01
4.036093299038178150e-01
4.036093296078410719e-01
4.036093297431447291e-01
4.036093298716832423e-01
4.036093298040314137e-01
4.036093297042449568e-01
4.036093299359524433e-01
4.036093296687277565e-01
4.036093296721103285e-01
4.036093296721103285e-01
4.036093297685141579e-01
4.036093296044584999e-01
4.036093299325698713e-01
4.036093296721103285e-01
4.036093297685141579e-01
4.036093296721103285e-01
4.036093297008623293e-01
4.036093299038178150e-01
4.036093297363795851e-01
4.036093298040314137e-01
4.035525792360535879e-01
4.033823279025139374e-01
4.033823279025139374e-01
4.032120763947708020e-01
4.033823279312659382e-01
4.033255773632881125e-01
4.033823277993448531e-01
4.039498325455277428e-01
4.036660801724363257e-01
4.046308381350720573e-01
4.052550933494462604e-01
4.065603540857130049e-01
4.082628683242616185e-01
4.095681287966861928e-01
4.109301402649864210e-01
4.132001587964506117e-01
4.152431757832606984e-01
4.153566766232396068e-01
4.159809319018830664e-01
4.164349355476275050e-01
4.175699450433758009e-01
4.210884739071846239e-01
4.202372170128526596e-01
4.245502524668577360e-01
4.308495545714026154e-01
4.353895919911944246e-01
4.463991827239149335e-01
4.471369390099755314e-01
4.563305148214590323e-01
4.604165486665408036e-01
4.662618467549475287e-01
4.663185971588696410e-01
4.596220419444234651e-01
4.753419214372405777e-01
4.732421542173292361e-01
4.837409910255390244e-01
4.920265593172087337e-01
4.924805629917051730e-01
4.953748369404991081e-01
4.977583563440767800e-01
4.937858236383332322e-01
5.022983940023413307e-01
4.986096134599685148e-01
5.015038871127855957e-01
5.109244653602360575e-01
5.119459738519498426e-01
5.149537482348116590e-01
5.087111969012000356e-01
5.152942508190174742e-01
5.175642699356700627e-01
5.131944838206659032e-01
5.233528175947851357e-01
5.230690655498051456e-01
5.204585438201947412e-01
5.188695309036442938e-01
5.355541684910182232e-01
5.288008626443250204e-01
5.290278644528212393e-01
5.336246525048600198e-01
5.392429483957724701e-01
5.374269336098391747e-01
5.387321945744308893e-01
5.433857328663361796e-01
5.440667385878015239e-01
5.534873161722640988e-01
5.451449974732897052e-01
5.458827534380040758e-01
5.550195791483074625e-01
5.507632936415746139e-01
5.486635266466055594e-01
5.534873163786021566e-01
5.557573352280299472e-01
5.647239090128400862e-01
5.656319166324403902e-01
5.560978380371781604e-01
5.724419728830557608e-01
5.623403892777684154e-01
5.697747005465677583e-01
5.682991885055134196e-01
5.740877364606052913e-01
5.726122242876298118e-01
5.843595708717479464e-01
5.717042162046145348e-01
5.818625503389798226e-01
5.897508655461176641e-01
5.849838258256625512e-01
5.848135748845035842e-01
5.898076160176916050e-01
5.925883886918436039e-01
5.950286592874872715e-01
5.971284266071851254e-01
5.949719083592635016e-01
5.996821970263388479e-01
5.965041713285416103e-01
6.000794503679476311e-01
6.092162758719128490e-01
6.128483059714637804e-01
6.134158104605696993e-01
6.121105502164699841e-01
6.127915558280011554e-01
6.211906251270880031e-01
6.112592928587230467e-01
6.155723287118738396e-01
6.240848989405782810e-01
6.230633903812127228e-01
6.272061745625647777e-01
6.311787074644985562e-01
6.175018440993133018e-01
6.273196756241034011e-01
6.353782419652079794e-01
6.339594804058753530e-01
6.428693035838078940e-01
6.336757277368071373e-01
6.320867150198296036e-01
6.466148342848649921e-01
6.332784743275465811e-01
6.377050111779668518e-01
6.547869020257673922e-01
6.388400204741422339e-01
6.447988196951219830e-01
6.545599000532154044e-01
6.585891836009267752e-01
6.522898816959546986e-01
6.539356452126176000e-01
6.727200496562742993e-01
6.592701886949213774e-01
6.728335508564992073e-01
6.583054311314314733e-01
6.631292204642822430e-01
6.666477496917195822e-01
6.787355997479738168e-01
6.588161851455808238e-01
6.745928150998240502e-01
6.830486348603371782e-01
6.719822938268635859e-01
6.814028714891257055e-01
6.781680946635317841e-01
6.750468192445008286e-01
6.892911866353769179e-01
6.796436072424182351e-01
6.841268937661207916e-01
7.017195389697123975e-01
6.757845750062597689e-01
6.928097157917798565e-01
7.020032912497825572e-01
6.755575731977635501e-01
6.795301058426204133e-01
7.076215875296930635e-01
7.031383006068446795e-01
6.906531977434311464e-01
7.139208897593938286e-01
6.965552464319502146e-01
7.130128825389393521e-01
7.217524544340711001e-01
7.113103684255466241e-01
7.047840646444266666e-01
7.005845295416159857e-01
7.191986834398768069e-01
7.113671187618170189e-01
7.275977528607370237e-01
7.203904430046706997e-01
7.199931902550154028e-01
7.245899779823254949e-01
7.139776399637430826e-01
7.366210774317021315e-01
