1.094027231293120739e+00
1.087319860108749259e+00
1.082346885072123399e+00
1.078006966039221304e+00
1.073966289086155435e+00
1.070061786553218486e+00
1.066212690733705060e+00
1.062341592198339457e+00
1.058331461210106461e+00
1.054104659750962014e+00
1.049522215023422911e+00
1.044422616489655731e+00
1.038510481539070884e+00
1.031299464569061408e+00
1.022369201577999931e+00
1.012126944580736154e+00
1.001305979278191760e+00
9.913304005820082754e-01
9.814017518046602717e-01
9.735320294953984099e-01
9.658127192349285073e-01
9.585764386936549419e-01
9.504683853298464546e-01
9.457628330654809234e-01
9.372706108294593941e-01
9.308555970687978354e-01
9.263473997442982499e-01
9.191598182916302928e-01
9.153023491476202089e-01
9.095141146403694643e-01
9.052365977501234395e-01
8.984544650460133397e-01
8.949982769156035189e-01
8.992581726182677926e-01
8.853787862613884396e-01
8.808042674159077823e-01
8.766815579409064085e-01
8.727520051327772865e-01
8.704579305813874290e-01
8.689966004238882658e-01
8.632900442913911121e-01
8.646870297854147847e-01
8.541148318029898601e-01
8.503034811888275923e-01
8.646102551535549408e-01
8.446022085086501985e-01
8.409039244249401079e-01
8.377575248346230685e-01
8.345700471208136184e-01
8.314413998949765627e-01
8.337520760836621969e-01
8.287008325274676235e-01
8.226071913906275457e-01
8.224477058175162503e-01
8.194343115954493273e-01
8.171147466801831349e-01
8.111727724997547240e-01
8.114830935544617985e-01
8.086181923389353932e-01
8.031109708451864559e-01
8.066221891423168699e-01
7.981647493775535507e-01
7.952168698066223174e-01
7.926512562817960017e-01
7.903482660411889071e-01
7.873551626392434333e-01
7.910467752580386813e-01
7.822274832989096760e-01
7.977330548952293876e-01
7.779126101133873039e-01
7.750463477328946027e-01
7.727482689982286823e-01
7.703468913685875830e-01
7.709563410374817849e-01
7.650889157437079646e-01
7.662370521197842121e-01
7.641848479366676328e-01
7.621685997540424973e-01
7.594090718111097260e-01
7.533821703850374085e-01
7.507817599249917428e-01
7.526102063266314479e-01
7.503919412421217183e-01
7.437387825472455694e-01
7.559515875156117559e-01
7.399205069767618159e-01
7.375188315606782119e-01
7.352971107665732253e-01
7.331730711102235620e-01
7.310383686899739608e-01
7.393001730079027389e-01
7.271493403393783916e-01
7.249566219558064573e-01
7.228964911160177254e-01
7.207386423933824782e-01
7.185266417025789609e-01
7.164287640574733551e-01
7.142812017076342057e-01
7.211241582845641096e-01
7.190009843450041460e-01
7.083043533200661379e-01
7.061618036799233167e-01
7.041181210870538498e-01
7.098015387580124402e-01
7.000730565847045339e-01
7.028891063292609376e-01
7.007808594412501257e-01
6.989646348974354328e-01
6.923657974153105688e-01
6.900414320817904734e-01
6.878802719001744226e-01
6.859905647843185239e-01
6.838092756970882702e-01
6.873043705335871723e-01
6.797867537721942188e-01
6.829771890785575339e-01
6.815606398355419371e-01
6.738513885599199948e-01
6.719134684642998900e-01
6.697701582721370395e-01
6.677691204195687069e-01
6.657189032045235377e-01
6.636705221041168112e-01
6.616683870741704165e-01
6.700041700617747065e-01
6.645454207422459847e-01
6.561956098804774262e-01
6.541458413289858997e-01
6.521507735880459622e-01
6.502369912256144024e-01
6.482147660545523049e-01
6.461918375344750665e-01
6.443331755254184667e-01
6.424479010893817676e-01
6.403680703479107672e-01
6.693609652451033565e-01
6.374670342672196233e-01
6.354189539231708261e-01
6.334926060079398846e-01
6.318607002109413173e-01
6.297528245758776677e-01
6.280013458302989848e-01
6.263491703340803296e-01
6.246269030330413585e-01
6.261959590521378738e-01
6.209102486530366782e-01
6.190204527610668750e-01
6.171436799681353502e-01
6.152655590230670102e-01
6.133696611322262404e-01
6.116411366322532794e-01
6.098066422957025834e-01
6.080534881187292795e-01
6.063209396270243801e-01
6.045124742677767671e-01
6.027886956011786479e-01
6.694092094326565823e-01
6.001448825278243859e-01
5.983702947492530733e-01
5.966330582935486238e-01
5.949925352973541859e-01
5.934030961979531726e-01
5.914652387242494980e-01
5.897873998378342364e-01
5.881222282255097467e-01
5.863928346160077743e-01
5.847117110911795868e-01
5.830088534620899710e-01
5.813285491434184715e-01
5.797030951018691258e-01
5.780739066082721811e-01
5.764327439504952633e-01
5.747767433893680167e-01
5.735492339997995126e-01
5.715724628315725919e-01
5.764352471223247454e-01
5.820573900751382368e-01
5.736717802767490326e-01
5.799129420840559712e-01
5.784165179625954112e-01
6.779645309194682889e-01
5.616975719504835318e-01
5.599705250172154480e-01
5.582683573691394896e-01
5.566645572441375478e-01
5.550468436509808923e-01
5.535617591161529072e-01
5.520229148550841458e-01
5.582216709021792234e-01
5.644308303428233753e-01
5.554637960959803999e-01
5.618573187273102620e-01
5.664324476637585537e-01
5.432023944199054766e-01
5.571516678299591740e-01
5.479553062328178514e-01
5.528112370075808357e-01
5.527091165093881431e-01
5.490967439919174353e-01
5.419152032117365847e-01
5.403875374752061811e-01
5.465035725719615822e-01
5.366480402687771045e-01
5.361238087179522882e-01
5.351213575809877776e-01
5.489602998270295409e-01
5.326376427830730176e-01
5.229434996503387056e-01
5.443654717364515561e-01
5.199090598538923524e-01
5.258679474822833821e-01
5.249707992735396234e-01
5.391364584756042078e-01
5.229027764790851185e-01
5.357946913785990306e-01
5.198931560418397213e-01
5.174966053448959435e-01
5.188445256304493602e-01
5.395671422937103889e-01
5.173717347726290994e-01
5.063604271091902698e-01
5.048129507046363873e-01
5.036415018293063373e-01
5.019226316919690456e-01
5.011676740841876088e-01
4.993975520773282217e-01
4.986012008449802746e-01
4.966734554222199671e-01
4.953383175457155008e-01
5.142823281366487587e-01
4.930730184126736471e-01
4.916171222226681237e-01
4.901836283205180944e-01
4.889614380154881368e-01
4.876367167821435977e-01
4.864431947586410621e-01
