4.556495092741971176e-01
5.986039386550046082e-01
6.655127404598134566e-01
7.084160944767528001e-01
7.639180521784801892e-01
8.044946370672255709e-01
8.406446855723482825e-01
8.708359347144223328e-01
8.056863967064364918e-01
8.834345380000646619e-01
9.155553033921390860e-01
9.228761139850152340e-01
8.744679640900986373e-01
9.080074909231150571e-01
9.333181999360355974e-01
9.430225298648375887e-01
9.492083309010787007e-01
9.538051190207693653e-01
9.572668971204100208e-01
9.606719253438128492e-01
