1.099080888571895231e+00
1.095735191175868817e+00
1.092739896561594648e+00
1.089693781405570716e+00
1.086358234666004119e+00
1.082572809264768177e+00
1.078115258001183907e+00
1.072499062070429332e+00
1.064317559317802031e+00
1.050739494722281009e+00
1.030337717190658031e+00
9.991282282565118189e-01
9.811534188397321721e-01
9.486494329526228286e-01
9.056360154699625298e-01
8.731314575798658772e-01
8.368615922920550343e-01
8.112645623233503134e-01
7.619744252417105512e-01
7.323057802586311338e-01
7.110911706683110678e-01
6.927377166755352977e-01
6.763871452654269811e-01
6.614026734915678940e-01
6.484803531011721356e-01
6.363591110420162567e-01
6.240469222103695035e-01
6.123832820066764659e-01
6.020897928299558943e-01
5.921661991394104874e-01
5.827434899371163324e-01
5.745772170591595396e-01
5.663069516756932265e-01
5.572119531096478839e-01
5.492692184694495383e-01
5.414257165042221098e-01
