3.272231994544016476e-01
3.885704556978030744e-01
4.169456896361938836e-01
4.217127291570760272e-01
4.209182227343180593e-01
4.187049544427202674e-01
4.182509505009990858e-01
4.185914533744165000e-01
4.189887065485869977e-01
4.207479712299574959e-01
4.226774869877907292e-01
4.259690143356975045e-01
4.323818171770522079e-01
4.393053741002081458e-01
4.538902447179825050e-01
4.773849385881063778e-01
5.017308891851239849e-01
5.240905738487111609e-01
5.380511886956750311e-01
5.542818229298986932e-01
5.665966745916936054e-01
5.839623173339488771e-01
5.975256794989092235e-01
6.101242834982782970e-01
6.222688834307703587e-01
6.320299642877961199e-01
6.444015665530861137e-01
6.537653936727397808e-01
6.622779634414117655e-01
6.696555243130540847e-01
6.756143241259873200e-01
6.824243799808394906e-01
6.881561775928958236e-01
6.950229839835911916e-01
6.991657682292125031e-01
7.046705634442017585e-01
7.109698658092061807e-01
7.135236362892466433e-01
7.183474260178606130e-01
7.209579475614285027e-01
7.264627435611789030e-01
7.289597640905645104e-01
7.341808067785544623e-01
7.400261050699166177e-01
6.952499854673586110e-01
7.441121392363445608e-01
7.514329494368400253e-01
7.539867206339898598e-01
7.565404917059836976e-01
7.601725214063888014e-01
7.261789906316512555e-01
7.424663750025722875e-01
7.689120934435893506e-01
7.482549233500447317e-01
7.754951481461680451e-01
7.736791330930100630e-01
7.346348109164659856e-01
7.399693544021522795e-01
7.487089266355432260e-01
7.630667954160693656e-01
7.831564608953521800e-01
7.911015263136044195e-01
7.945065544050862183e-01
7.991033423285865966e-01
7.991600927967779100e-01
8.054026446902083913e-01
8.064809031258118877e-01
8.040973840503455872e-01
7.962090685150963187e-01
8.145394700656352072e-01
8.156744791690029306e-01
8.202712675559182820e-01
8.115884458516053890e-01
8.098859318058645451e-01
8.208387720382590569e-01
8.263435670570580260e-01
8.317348620629216871e-01
8.361613981218155578e-01
8.377504116912061205e-01
8.403609331671222371e-01
8.408149366488109067e-01
8.440497130718764840e-01
8.425174510226631774e-01
8.483627489148796164e-01
8.502355145613849086e-01
8.518245276098563856e-01
8.539810456615877232e-01
8.550025538928418545e-01
8.497247600872031015e-01
8.605640997113261914e-01
8.619828611522680761e-01
8.641393790078091275e-01
8.652743888316688503e-01
8.673741555661783620e-01
8.695306739494036430e-01
8.636853755261203469e-01
8.707224334533109067e-01
8.739572100082975137e-01
8.760002268631864597e-01
