1.092329254073808764e+00
1.088065552539651204e+00
1.086240495565726327e+00
1.084923081423447400e+00
1.083810799455109608e+00
1.082790411720819357e+00
1.081852013147024172e+00
1.080930916400199671e+00
1.079966070006474377e+00
1.079089318574147915e+00
1.078051106226605826e+00
1.076999384153647599e+00
1.075752578977220431e+00
1.074372441420510027e+00
1.072496144855870082e+00
1.070143896255744353e+00
1.067019281853585522e+00
1.063342957543728762e+00
1.060497007652238644e+00
1.057273786702942697e+00
1.053400515603475140e+00
1.051062874562366467e+00
1.057688068196191766e+00
1.088030012334071595e+00
1.063113443995298724e+00
1.045502326557635087e+00
1.045539293364413425e+00
1.039864644033603902e+00
1.038125375716073773e+00
1.038854281042187910e+00
1.039945766168246521e+00
1.035909910713744830e+00
1.031326085496494072e+00
1.030703968638073675e+00
1.067878813385307213e+00
1.091761218575341807e+00
1.086115452719765839e+00
1.083609148786406351e+00
1.082404073355897500e+00
1.081717374321957248e+00
1.081212974509318192e+00
1.080781138881598658e+00
1.080377127490880662e+00
