3.794903806941637980e-01
4.553090059407472467e-01
5.702287044172544839e-01
6.018954657001694963e-01
5.865160888558273999e-01
4.725043983270318382e-01
5.562113386522146152e-01
6.127915555066549835e-01
6.538221442085829782e-01
6.970092502417504221e-01
7.328187955419617206e-01
7.716361157239670643e-01
8.010896088472053700e-01
8.260030646436730128e-01
8.500652631568107465e-01
8.684524149861159170e-01
8.880313261840245831e-01
8.931388683888991098e-01
9.118097726876994713e-01
9.304239259263550332e-01
9.431927815332538101e-01
9.537483685525779409e-01
9.623176887928238665e-01
