1.139264707255191578e+00
1.078966389347249866e+00
1.057815567750705066e+00
1.024634304162180154e+00
9.819685561446824806e-01
9.342070498495446129e-01
8.855154108503242583e-01
8.375085035326207406e-01
7.900890197942519455e-01
7.436308873328223434e-01
6.981673060572449740e-01
6.554195309739317965e-01
6.129279642186014065e-01
5.687320601161482969e-01
5.163535226501554387e-01
4.484933281004357952e-01
3.809205553133989119e-01
3.320514172371410444e-01
2.948585124465963325e-01
2.661055590608362165e-01
2.440522721743490220e-01
2.233935176639536280e-01
2.070529677925596335e-01
1.918272954788065032e-01
1.787810039878141855e-01
1.665395488779131128e-01
1.548883009486961282e-01
