1.149096649361890599e+00
1.043404509751820086e+00
9.911017278240511486e-01
9.238805534633833805e-01
8.308626746530599627e-01
7.225870680547884506e-01
8.399584095416223750e-01
7.856780066743732638e-01
6.897086188468588563e-01
5.952884888724756518e-01
5.313254016345884123e-01
5.703725558215945179e-01
4.660852903503476252e-01
4.213530067725468897e-01
4.036165088048134786e-01
3.630546548652578420e-01
3.254620668789455773e-01
2.940536617343105230e-01
2.961734551677408511e-01
2.521500490467567523e-01
2.294149328648763253e-01
5.318705988697469689e-01
3.245547474577332170e-01
2.303903863619583547e-01
