1.097900526239858232e+00
1.095873916645027313e+00
1.094140746159015354e+00
1.092600688552228583e+00
1.091259893301592676e+00
1.090061371919482491e+00
1.088980407417446283e+00
1.087991704126809012e+00
1.087061390068466027e+00
1.086196955510959850e+00
1.085356249704269471e+00
1.084526096825350505e+00
1.083698305732701428e+00
1.082857687420122783e+00
1.081994340616095007e+00
1.081098549056557889e+00
1.080153069257479226e+00
1.079165408183873298e+00
1.078118870629198645e+00
1.077003273511472736e+00
1.075819302766130026e+00
1.074567214522998526e+00
1.073228614148037607e+00
1.071808824419576034e+00
1.070300330741472683e+00
1.068692777681943262e+00
1.066992896016262016e+00
1.065194800874105896e+00
1.063289463780509703e+00
1.061276088764337322e+00
1.059152869136113839e+00
1.056926057751526038e+00
1.054579303501534726e+00
1.052106360762433690e+00
1.049535479950692407e+00
1.046837357858829254e+00
1.044030931255588879e+00
1.041099463335319442e+00
1.038051734974054119e+00
1.034893049527280784e+00
1.031610754195017909e+00
1.028227402081345332e+00
1.024736797158113610e+00
1.021141009889283024e+00
1.017437850533951860e+00
1.013644198548421027e+00
1.009737028334699804e+00
1.005753629980600916e+00
1.001673816839673492e+00
9.975066732300862382e-01
9.932646854775805112e-01
9.889329867475007418e-01
9.845372656303504888e-01
9.800697911050193500e-01
9.755369867601173528e-01
9.709454696617225711e-01
9.662874763327595762e-01
9.615699042392287232e-01
9.567997515198185532e-01
9.520031195426730264e-01
9.471311005707949704e-01
9.422400444111781459e-01
9.373161526071612792e-01
9.323554841149213068e-01
9.273668181056650139e-01
9.223547750843700266e-01
9.173252619251166529e-01
9.122814647145144340e-01
9.072182886406062741e-01
9.021522088283835394e-01
8.970685465558690952e-01
8.919950169647236082e-01
8.869162199276813263e-01
8.818476062364634105e-01
8.767888673479863337e-01
8.717359044780377264e-01
8.666854462784066016e-01
8.616576580513918282e-01
8.566483170103589284e-01
8.516608793249358378e-01
8.466927006000977141e-01
8.417540843955884089e-01
8.368535753675462319e-01
8.319859247758056853e-01
8.271425580046151138e-01
8.223429589771897863e-01
8.175835356993231828e-01
8.128595536050525761e-01
8.081821040055597871e-01
8.035485714709512672e-01
7.989482464188784050e-01
7.943986198375934116e-01
7.899034455816886791e-01
7.854419429912029571e-01
7.810267062762505930e-01
7.766782656125100770e-01
7.723682108507762267e-01
7.681106947978477706e-01
7.638944563601278714e-01
7.597312340535598008e-01
7.556169936337771009e-01
7.515675283832722320e-01
7.475603146873980309e-01
7.436057941426917894e-01
7.396984013882758058e-01
7.358272110493768725e-01
7.320190470698039187e-01
7.282525475893421030e-01
7.245336931785926193e-01
7.208696293625209695e-01
7.172490609882165025e-01
7.136671717967492112e-01
7.101411510322971354e-01
7.066541455415907835e-01
7.032136650735177907e-01
6.998095713349897773e-01
6.964540556153525630e-01
6.931417788152736126e-01
6.898629882672433489e-01
6.866231861351824728e-01
6.834183872865701170e-01
6.802727997583764008e-01
6.771325115570043796e-01
6.740450905208372756e-01
6.709776254316158761e-01
6.679385418545800146e-01
6.649544257919050017e-01
6.619776633376939223e-01
