3.678565347758211423e-01
4.036093297363795851e-01
4.036093298361659865e-01
4.039498324457412859e-01
4.409511376845228203e-01
5.465637593877944456e-01
6.494523579582751616e-01
7.075648371934227798e-01
7.237387205569266735e-01
7.370750806563138857e-01
7.488224276361952203e-01
7.607400262168408922e-01
7.741898869887686718e-01
7.897395152055501910e-01
8.041541344542676439e-01
8.197037623463203637e-01
8.355938938356651802e-01
8.534135407158319753e-01
8.689631688074576088e-01
8.789512510772162779e-01
8.895635890890335462e-01
8.975654047759042964e-01
9.081777421991505950e-01
9.182793259295938260e-01
9.237273710721548570e-01
9.288916630889979542e-01
9.349639634459333548e-01
9.367799781033281370e-01
9.430792802687596454e-01
9.460303048109007795e-01
9.483570737462871936e-01
