1.113668035908837561e+00
1.110691302886555043e+00
1.107956023845680260e+00
1.105414743084120355e+00
1.103071774894374801e+00
1.100876160481414345e+00
1.098844984388061885e+00
1.096934473959029432e+00
1.095138285448396864e+00
1.093446360984188681e+00
1.091841880677540733e+00
1.090309674079149804e+00
1.088845097858311295e+00
1.087432405354791243e+00
1.086061045406530479e+00
1.084725363876537951e+00
1.083407029980570258e+00
1.082100776441859979e+00
1.080791284396519725e+00
1.079473810855934079e+00
1.078141027232668581e+00
1.076772690989712622e+00
1.075377275309046698e+00
1.073928166840242948e+00
1.072429514764744907e+00
1.070863613428278516e+00
1.069231017095521263e+00
1.067518040213951025e+00
1.065718711136242725e+00
1.063825661326555982e+00
1.061837465103757205e+00
1.059745458643009286e+00
1.057544527012700630e+00
1.055231910674392370e+00
1.052801299877208940e+00
1.050255352357115646e+00
1.047595560709671414e+00
1.044819007206163386e+00
1.041920613338725321e+00
1.038916336117426065e+00
1.035788538108097345e+00
1.032562116692795628e+00
1.029216789074906435e+00
1.025763385236740266e+00
1.022218031872686117e+00
1.018563024667976213e+00
1.014824603003869896e+00
1.011001277562539657e+00
1.007093708277438715e+00
1.003115923614684935e+00
9.990661876756780080e-01
9.949588749927070763e-01
9.907900874368869015e-01
9.865706994648412165e-01
9.823036307435079051e-01
9.779844720919309564e-01
9.736230692360946515e-01
9.692345715179311316e-01
9.648284239616359281e-01
9.603728122557205760e-01
9.559202983507767426e-01
9.514221246326005632e-01
9.469202696130371022e-01
9.424015495030388934e-01
9.378764413182590909e-01
9.333434464455083734e-01
9.288028133293670940e-01
9.242559083169316070e-01
9.197184084005817217e-01
9.151698076612027055e-01
9.106290098737421790e-01
9.061069576303639739e-01
9.015724645097439316e-01
8.970605806543705540e-01
8.925715767392153888e-01
8.880801525629309356e-01
8.836175822574389160e-01
8.791641268250647290e-01
8.747332408516004243e-01
8.703292659169110657e-01
8.659392439928710328e-01
8.615691994140505239e-01
8.572272747344066302e-01
8.529103524595199604e-01
8.486255765685116748e-01
8.443502142808066990e-01
8.401201904533764919e-01
8.359122297447348915e-01
8.317367489299629657e-01
8.275996432233483358e-01
8.234852424281374761e-01
8.194089236564434664e-01
8.153513717459236476e-01
8.113330072965871942e-01
8.073462780708149378e-01
8.033892106309015180e-01
7.994702310596230044e-01
7.955802489839721714e-01
7.917333520417396686e-01
7.879090156723493887e-01
7.841174918510243064e-01
7.803595486966417027e-01
7.766436476163808278e-01
7.729410365419229212e-01
7.692808709359183483e-01
7.656539181028224617e-01
7.620674189025593570e-01
7.585149500780130616e-01
7.549859994954658537e-01
7.514915774597983322e-01
7.480330451427418259e-01
7.446042041043594573e-01
7.412054992839715029e-01
7.378410473360214050e-01
7.344909067335507746e-01
7.311822172935281694e-01
7.279019843103883280e-01
7.246479009142339223e-01
7.214210637987326091e-01
7.182245325889282661e-01
7.150617992050578575e-01
7.119189869680319083e-01
7.087964620602928978e-01
7.056976162841348543e-01
7.026365483045969862e-01
6.995824309586328171e-01
6.965695363182694555e-01
6.935612111361950660e-01
