1.092847947507147977e+00
1.084626176504615014e+00
1.076055871642723094e+00
1.057844562364364638e+00
1.026466348873324774e+00
9.866505148265887204e-01
9.462723925208255116e-01
9.079908603917226095e-01
8.702335417504059034e-01
8.289776052088332348e-01
7.852470377985163452e-01
7.441844338557823679e-01
7.080817174055026308e-01
6.766014525868837559e-01
6.476445705380154960e-01
6.191613974808550802e-01
5.913614880740321045e-01
5.632223261382954815e-01
5.348057643109299653e-01
5.052895453005857851e-01
4.761322256699639932e-01
4.489929728858161329e-01
4.238753103349368612e-01
