3.879462005476981279e-01
4.036093298040314137e-01
4.086601214443106311e-01
4.507122185381660096e-01
5.111514670334286192e-01
5.601838714256099916e-01
5.975824302918293363e-01
6.703365305199213697e-01
7.156801541481702111e-01
7.307757790794532360e-01
7.439986380361196527e-01
7.610237784292592789e-01
7.750978946726382324e-01
7.937687989037868208e-01
8.106236873071639426e-01
8.273083253444225571e-01
8.433119573777694278e-01
8.557403096512182783e-01
8.722546964192063879e-01
8.816185234069391363e-01
8.916633563478447710e-01
8.994381700942981617e-01
9.077804891822706113e-01
9.133420353288662641e-01
9.199250895071432454e-01
