3.831791613836793564e-01
4.045173374236316621e-01
4.277850293888554867e-01
4.909483002896517512e-01
5.566085922576655687e-01
6.238578964758593193e-01
6.861131602847395650e-01
7.451336476637890893e-01
7.902502696831146256e-01
8.249815562838803684e-01
8.459224785255740064e-01
8.661823956698905258e-01
8.799160094322326930e-01
8.952953862444400501e-01
9.104477610587261571e-01
9.230463652576682554e-01
9.378014865307726655e-01
9.476193181164492829e-01
9.574938991250965259e-01
9.586856590890362462e-01
9.695817489817778467e-01
9.752567961932947505e-01
9.788888260932726570e-01
9.806480900829032121e-01
