2.887463820815445170e-01
2.887463820908466317e-01
2.887463821102965178e-01
2.887463820105100609e-01
2.887463821102965178e-01
2.887463822422176030e-01
2.887463823132520035e-01
2.895408885651891695e-01
4.142784178561421671e-01
4.090573745508293002e-01
4.036093296721103285e-01
4.036093298361659865e-01
4.036093297685141579e-01
4.036093296754929005e-01
4.036093296721103285e-01
4.036093296687277565e-01
4.036093296365931282e-01
4.036093296399757002e-01
4.036093299359524433e-01
4.036093297685141579e-01
4.036093296044584999e-01
4.036093297042449568e-01
4.036093296044584999e-01
4.036093296078410719e-01
4.036093298361659865e-01
4.036093297397621571e-01
4.036093296433582722e-01
4.036093299359524433e-01
4.036093297042449568e-01
4.036093296332105007e-01
4.036093296044584999e-01
4.036093296044584999e-01
4.043470858871365259e-01
4.125759037461320666e-01
4.137676634817468169e-01
4.143919185997171906e-01
4.187049543074166102e-01
4.236422450721997746e-01
4.259122638353715073e-01
4.288632881458051549e-01
4.353895918947905952e-01
4.397026273809302999e-01
4.455479259006173698e-01
4.513932240888104963e-01
4.592247884708935968e-01
4.667726008722659081e-01
4.743771635135046183e-01
4.807899664512632065e-01
4.911753021945517994e-01
4.996311217301225294e-01
5.077464386814873887e-01
5.158617557647733332e-01
5.241473239211392743e-01
5.320923894036608814e-01
5.398104532129898159e-01
5.475285168193633201e-01
5.550195790806555785e-01
5.604108732949929506e-01
5.682424380407046227e-01
5.753929972932758652e-01
5.829975593746956619e-01
5.890698599312038652e-01
5.951989106277921771e-01
6.013847115321121484e-01
6.078542648382756486e-01
6.136428125295254610e-01
6.183531012574874364e-01
6.247659043593016825e-01
6.336757274729650780e-01
6.409397875333805450e-01
6.503036147883379803e-01
6.570569205673792990e-01
6.663639975469530796e-01
6.726065491122722451e-01
6.798138584406542284e-01
6.855456559918239323e-01
6.913909542831860877e-01
6.964984957641859875e-01
7.012655351599123010e-01
7.052948188581489308e-01
7.083593438800229736e-01
7.102321095265281548e-01
7.129561319320617541e-01
7.150558989304134361e-01
7.163044098225769263e-01
7.177231708643729835e-01
7.193689345163395421e-01
7.201066907922524241e-01
7.214119516316881420e-01
7.216957040335315599e-01
7.225469609278635241e-01
7.235117188871167393e-01
7.244764772387505269e-01
7.251574825965872995e-01
7.258952384192328688e-01
7.260087398832998362e-01
7.264627433007193602e-01
7.278815049378516422e-01
7.290732645026455350e-01
7.298110206601676753e-01
7.304352758102726773e-01
7.312865330327159574e-01
7.324782928647346480e-01
7.333295498876050145e-01
7.343510581188592568e-01
7.357130696159115413e-01
7.366778274398609883e-01
7.371318311245053101e-01
7.377560862103410555e-01
7.377560863388794576e-01
7.392883489157769938e-01
7.393450992554299050e-01
7.401396058709956982e-01
7.405936100122897381e-01
7.414448671603161012e-01
7.418421204410382552e-01
7.425231254707636008e-01
7.438851372959273123e-01
7.439986377756601099e-01
7.446228931185728817e-01
7.455876512131296430e-01
7.460984049702020782e-01
7.464956586365396607e-01
7.472334143982986010e-01
7.476306680714013275e-01
7.487656773641941932e-01
7.491629305806470907e-01
7.501276883403272810e-01
