3.571874467879795900e-01
4.036093298040314137e-01
4.260825152788453862e-01
4.809602178558373131e-01
5.305033763585719209e-01
5.644401565399622678e-01
5.945179046813844348e-01
6.434368085295636419e-01
6.860564098842000247e-01
7.117076218956939204e-01
7.284490096197652198e-01
7.441121388439639883e-01
7.594347656480124886e-01
7.792974293830682297e-01
8.055728958985921562e-01
8.378639125599370852e-01
8.678281599002801716e-01
8.880880769160580668e-01
9.038079565407962646e-01
9.148742978381120272e-01
9.239543728163818193e-01
9.328074456546615600e-01
9.378014871193435242e-01
9.438170364871684148e-01
9.480733215338688069e-01
9.520458541144565245e-01
9.563021398173795484e-01
