1.092528264602787624e+00
1.083178460337532290e+00
1.071740161045936723e+00
1.047555222338643954e+00
1.006640079925146924e+00
9.536865632140699711e-01
8.965807721432312860e-01
8.383402248143567714e-01
7.809219457431938460e-01
7.277120955279531289e-01
6.803812088493348398e-01
6.372390371920619856e-01
5.970612255650584732e-01
5.576688814031963703e-01
5.211543384143466628e-01
4.861991411102162264e-01
4.549908833480451054e-01
4.256687479073692493e-01
3.976356969011756171e-01
3.728003446806587573e-01
3.514080972103503786e-01
3.304645539152047951e-01
3.111843664082202809e-01
2.935334692683408409e-01
2.776972517835438192e-01
