4.036093298361659865e-01
4.036093298716832423e-01
4.036093299004352430e-01
4.036093298006487862e-01
4.036093299038178150e-01
4.036093299004352430e-01
4.036093299038178150e-01
4.036093299325698713e-01
4.036093298395486140e-01
4.036093297042449568e-01
4.036093298716832423e-01
4.036093296754929005e-01
4.036093298683006148e-01
4.036093299325698713e-01
4.036093298040314137e-01
4.036093296365931282e-01
4.036093299038178150e-01
4.036093298970526710e-01
4.036093297397621571e-01
4.036093296687277565e-01
4.036093298006487862e-01
4.036093297042449568e-01
4.036093296078410719e-01
4.036093296687277565e-01
4.036093297397621571e-01
4.036093296433582722e-01
4.036093298040314137e-01
4.036093299325698713e-01
4.037228308402005528e-01
4.091708756546503234e-01
4.132001589926408980e-01
4.157539300325002185e-01
4.187049543750684388e-01
4.216559785603462007e-01
4.252312580530194785e-01
4.298847965123630543e-01
4.342545824311768721e-01
4.415753930595701648e-01
4.490097042607176236e-01
4.576357757251640623e-01
4.641053289670583060e-01
4.699506272516553174e-01
4.764201803294939030e-01
4.826627321332856990e-01
4.892457864079665653e-01
4.962828443639090703e-01
5.030361503459059858e-01
5.104704614117496764e-01
5.174507690026699525e-01
5.227285626763876758e-01
5.282901083663334996e-01
5.326031436173831457e-01
5.362919247060444761e-01
5.399239542102591827e-01
5.435559846345388024e-01
5.469042616049890615e-01
5.492310313251366205e-01
5.507632936990787265e-01
5.526360591493936214e-01
5.541683215977527555e-01
5.552465805576578539e-01
5.564383406535186039e-01
5.579138526945729426e-01
5.591056125265915222e-01
5.601838718179906751e-01
5.612053799207064042e-01
5.619431361357325461e-01
5.625673910896472618e-01
5.631916461078312341e-01
5.635321493736291654e-01
5.643266557321180432e-01
5.656886667725203877e-01
5.657454176330923845e-01
5.665966743921206916e-01
5.672776802066072932e-01
5.681856874372095412e-01
5.682424377092106793e-01
5.680721865684786875e-01
5.689234437198875671e-01
5.693774476616088043e-01
5.694909479417687992e-01
5.697747002861082155e-01
5.705124565078995014e-01
5.709097103027755971e-01
5.711934623190035865e-01
5.720447196023336067e-01
5.727824751611370058e-01
5.736337325797706832e-01
5.743714883381469960e-01
5.749957433597135958e-01
5.754497474299732351e-01
5.764145052573053096e-01
5.768685090738706611e-01
5.768117586022967203e-01
5.775495148207054896e-01
5.777765168896612513e-01
5.787412746527240692e-01
5.797060327438983141e-01
5.812382953207958503e-01
5.821463024194770686e-01
5.835083139807984987e-01
5.841893193386353822e-01
5.849838259575836918e-01
5.856080815677210394e-01
5.860620847246810206e-01
5.873105950891602811e-01
5.879916012317583096e-01
5.888428579907866167e-01
5.898076160176916050e-01
5.908291243774843604e-01
5.916236311317363272e-01
5.928721408433753615e-01
5.942341525400004487e-01
5.955961639694009602e-01
5.971851764901880966e-01
5.980931841097884005e-01
5.990579420081549866e-01
5.996821975472579336e-01
6.007604563143553733e-01
6.018387152066086987e-01
6.032574771109656675e-01
6.047897393563691493e-01
6.064355032620301067e-01
6.076272627084332578e-01
6.094432776195224388e-01
6.111457917329151668e-01
6.146075704887785651e-01
6.164235854032503736e-01
6.203393681042176366e-01
6.234606434623619631e-01
6.268656715538436508e-01
6.316327106823452775e-01
6.348107372968246898e-01
6.380455138484287803e-01
6.417342942165981112e-01
6.463878324154820332e-01
6.496226090381205243e-01
6.532546390666369440e-01
6.578514271863276086e-01
6.614267066181142019e-01
6.677827593836582754e-01
6.736280574754475170e-01
6.784518469469845714e-01
6.845808977078420288e-01
6.905964470756669193e-01
6.966119973534088405e-01
7.015492878289805168e-01
7.055785708101076636e-01
7.096646043845821206e-01
7.150558991942554954e-01
7.196526869181829600e-01
7.233982181469242878e-01
7.266329947052935223e-01
7.290165146974421084e-01
7.312297825611420166e-01
7.335565520208300327e-01
7.362238235015223786e-01
7.383235910884449194e-01
7.400261049988822171e-01
7.424096251906037169e-01
7.447931447903716196e-01
7.472334144625678576e-01
7.485386751633172908e-01
7.509221951588485044e-01
7.525679587363980350e-01
7.548947281960860511e-01
7.567107425219868899e-01
7.574484986727438862e-01
7.591510129180576438e-01
7.612507799772958439e-01
7.630667950270713096e-01
7.647125589293496395e-01
7.665853246435067048e-01
7.687985926391277536e-01
7.699336016071918198e-01
7.718063673247315126e-01
7.728846260850636973e-01
7.745871401375697962e-01
7.761194030358135043e-01
7.771976616676072869e-01
7.791839284500681195e-01
7.796379319317569001e-01
7.811134441047323795e-01
7.836672150448051877e-01
7.844049710636410433e-01
7.848589750730140535e-01
7.866182395226770652e-01
7.879802508878083200e-01
7.895125135289751128e-01
7.908745244374564276e-01
7.928607909560752010e-01
7.950173092039968248e-01
7.957550647052962223e-01
7.971170762023483958e-01
7.988195905762006666e-01
7.996708472709597171e-01
8.008626070387091511e-01
8.022813686758413221e-01
8.032461268312848235e-01
8.056296462991316965e-01
8.077861642257071484e-01
8.087509221206911070e-01
