1.101763037464606576e+00
1.075426625275908155e+00
1.051991306648278224e+00
1.013835764683562735e+00
9.643980412821203663e-01
9.086210022319844981e-01
8.498068422385210985e-01
7.898737468511656257e-01
7.276577696438429887e-01
6.617624685899751169e-01
5.874484199670108042e-01
5.106939814680787615e-01
4.584957392053635172e-01
4.153183611958354837e-01
3.877617537900894251e-01
3.582835879886565045e-01
3.385912667598202641e-01
3.170472997422589256e-01
2.998565879594548567e-01
2.856297714523787223e-01
2.696217972235351867e-01
2.575111999227445714e-01
2.457726583240806284e-01
2.307242208638409509e-01
