1.093607585625388401e+00
1.092240493039552840e+00
1.091091400093661790e+00
1.090083751009525592e+00
1.089175351455813567e+00
1.088361672906976718e+00
1.087585251851301393e+00
1.086848619874385191e+00
1.086124358873457707e+00
1.085399540644702565e+00
1.084651618964230568e+00
1.083865254138156153e+00
1.083045733880864114e+00
1.082170087480293308e+00
1.081228211548317386e+00
1.080228385545901615e+00
1.079147114195460277e+00
1.077986008679445273e+00
1.076727829627055488e+00
1.075377834079336070e+00
1.073927148944044507e+00
1.072362844786100888e+00
1.070695319143788460e+00
1.068909292012431012e+00
1.067014801814102798e+00
1.064985004965668169e+00
1.062839272607976948e+00
1.060559397976120088e+00
1.058159462994691991e+00
1.055641747462709557e+00
1.052980250400579854e+00
1.050213181967768028e+00
1.047326486434468906e+00
1.044330411097781575e+00
1.041219102071921476e+00
1.038011712137926645e+00
1.034725816706767887e+00
1.031344588339636603e+00
1.027889831106316709e+00
1.024366175936932688e+00
1.020800070286094874e+00
1.017179994237835006e+00
1.013516382491586487e+00
1.009838681615824463e+00
1.006131741240308575e+00
1.002406111184208859e+00
9.986871368233823931e-01
9.949582333827517999e-01
9.912446979719761186e-01
9.875469664548827131e-01
9.838640737544394055e-01
9.802143442956172681e-01
9.765871501991828518e-01
9.729970608583732306e-01
9.694474932182850502e-01
9.659485898306892082e-01
9.624771912416841824e-01
9.590529415571055205e-01
9.556835183091442198e-01
9.523535567997979401e-01
9.490747476339840283e-01
9.458358707726187697e-01
9.426467641617259918e-01
9.395160624005521877e-01
9.364219549517985852e-01
9.333782689565021107e-01
9.303774180061044063e-01
9.274261450160004028e-01
9.245198044094444789e-01
9.216521006322977438e-01
9.188329612658761025e-01
9.160457434458586512e-01
9.133110227828926675e-01
9.106036873506732077e-01
9.079398280151801393e-01
9.053028347130821496e-01
9.027002226189434486e-01
9.001406113640429973e-01
8.976045192881194623e-01
8.950858323570413111e-01
8.925968049353377731e-01
8.901409099026384997e-01
8.877049601887825325e-01
8.852878765170659747e-01
8.828951077552978921e-01
8.805165907174515860e-01
8.781556234911238601e-01
8.758037739894384277e-01
8.734716883305625457e-01
8.711604207363445873e-01
8.688441150731419649e-01
8.665484980228208567e-01
8.642717646751492122e-01
8.619846797315522391e-01
8.597160327868188512e-01
8.574497290308673580e-01
8.551920078160794025e-01
8.529524883802602764e-01
8.507083733826934502e-01
8.484656292310699399e-01
8.462307756506323164e-01
8.440048691160352279e-01
8.417769871818295835e-01
8.395690711732146649e-01
8.373518498752587913e-01
8.351108086284380061e-01
8.329081260402318998e-01
8.306821752985464880e-01
8.284497278501535833e-01
8.262225264629138310e-01
8.239963133336060119e-01
8.217723154397917895e-01
8.194909586273753099e-01
8.172658238141153886e-01
8.150070527342565541e-01
8.127590449590647026e-01
8.104669997799133219e-01
8.081700071818468389e-01
8.058673022391542595e-01
8.035736388924998863e-01
8.012511186070423452e-01
7.989090439863449911e-01
7.965479626381453127e-01
7.941667878338903863e-01
7.917804756951206668e-01
7.893852899398065004e-01
7.869415627178854011e-01
7.844863545745112132e-01
7.820490669577706555e-01
7.795385944539535705e-01
7.770334464569691457e-01
7.745164331273035607e-01
7.719460568899708663e-01
7.693438380795977194e-01
7.667520773322172856e-01
7.641092274044355426e-01
7.614418291205357070e-01
7.587469921541785123e-01
7.560037717457411821e-01
7.532576807382381778e-01
7.504637471887135591e-01
7.476410695909946336e-01
7.447422546213584571e-01
7.418380076258361822e-01
7.388876146304405035e-01
7.358871105614183117e-01
7.328579979981733050e-01
7.297759516394359824e-01
7.266540741022055050e-01
7.234905948569099188e-01
7.203309509697488622e-01
7.170379530401885804e-01
7.137913385041556591e-01
7.104528631946703809e-01
7.071008204087843030e-01
7.037125164551494283e-01
7.002556602257103968e-01
6.968175393316925481e-01
6.933095823736846741e-01
6.897894124506848135e-01
6.862371574363645976e-01
6.826437353363955518e-01
6.790562603126067964e-01
6.753921190723983781e-01
6.718057861840114331e-01
6.681318995285694395e-01
6.644955385854989238e-01
6.608187819398577689e-01
6.571452868971812133e-01
6.535089415985964045e-01
6.498313906257590089e-01
6.462951194454582549e-01
6.426628175885065186e-01
6.390412120541448804e-01
6.354473923034845706e-01
6.318201768020110798e-01
6.282192675894568978e-01
6.246141034252059576e-01
6.212091926859710789e-01
6.180665499844308908e-01
6.140791024788846419e-01
6.112985008048805735e-01
6.076172612919100713e-01
6.040550499205677992e-01
6.009978493187756454e-01
5.980670400228966788e-01
5.945647109597355096e-01
5.910298742722195353e-01
5.889526681748213921e-01
5.849499410265359689e-01
5.816561935451431964e-01
5.780888466726508135e-01
5.753873375310346594e-01
5.727080902895790304e-01
5.690468914337930562e-01
5.662411586000689612e-01
5.631871221352500179e-01
5.606557421344382508e-01
5.580074218661565943e-01
5.548122261305360459e-01
5.518331294311147328e-01
5.497249937965382749e-01
