3.688212929312645882e-01
4.036093296365931282e-01
4.062766016162177030e-01
4.378298622232094650e-01
5.020146414550463732e-01
5.656319166324403902e-01
5.759605014508877296e-01
6.001929518929012275e-01
6.742523122331718355e-01
6.987117644160297791e-01
7.097781056490761742e-01
7.216389532406114471e-01
7.289597637692183385e-01
7.364508257023992810e-01
7.467226603773839955e-01
7.597752679328589887e-01
7.745871401308045412e-01
7.874694968702763420e-01
8.001816014846819813e-01
8.170364906694377316e-01
8.296350947398413167e-01
8.443334654128332728e-01
8.543215483388147957e-01
