5.239646443199823089e+00
4.633543295849737120e+00
4.093124349666205752e+00
3.783528377584807423e+00
3.311149551205315511e+00
3.002760635792387056e+00
2.814548576631108023e+00
2.595007045701578363e+00
3.288385383753058999e+00
2.322130043216666717e+00
1.108622393585903421e+00
1.108076684003141299e+00
1.107734431765026839e+00
1.107378576719343588e+00
1.107010307880828215e+00
1.106629522635185658e+00
1.106235404194811922e+00
1.105832341235393423e+00
1.105417165249648725e+00
1.104990930273383798e+00
1.104556556010745538e+00
1.104113607873143277e+00
1.103663582048448166e+00
1.103204123454686325e+00
1.102739530506472887e+00
1.102269824581785906e+00
1.101793587529140472e+00
1.101311815947938699e+00
1.100825854837742312e+00
1.100336652054810127e+00
1.099842255086148191e+00
1.099345827906364814e+00
1.098846680175892043e+00
1.098345748541080580e+00
1.097842286484282504e+00
1.097337080390369035e+00
1.096832136575835115e+00
1.096324951571183259e+00
1.095820540528340548e+00
1.095313127807628906e+00
1.094808202380862294e+00
1.094303851757868928e+00
1.093799145293015140e+00
1.093298226342921842e+00
1.092795625838943296e+00
1.092297959500886373e+00
1.091798967795829078e+00
1.091304320975428510e+00
1.090807348873685578e+00
1.090318787484222840e+00
1.089825324672324180e+00
1.089336342177280814e+00
1.088848800199417877e+00
1.088364375969668396e+00
1.087881621671219490e+00
1.087394492484527353e+00
1.086912777514376760e+00
1.086434020823446200e+00
1.085951088039174506e+00
1.085468928725039861e+00
1.084991097950879890e+00
1.084504690920411685e+00
1.084024168895569629e+00
1.083535976803916334e+00
1.083050964950371897e+00
1.082559721321451063e+00
1.082065121688202014e+00
1.081567482519119938e+00
1.081063594451983523e+00
1.080553582480313635e+00
1.080038351758533910e+00
1.079513650051169060e+00
1.078982139092407477e+00
1.078438263043366430e+00
1.077886583315149638e+00
1.077316499386923754e+00
1.076735629213295242e+00
1.076137024504826734e+00
1.075518293113106649e+00
1.074878962422450845e+00
1.074220544410667832e+00
1.073530829566391454e+00
1.072813772660001108e+00
1.072065396332171128e+00
1.071279920119648343e+00
1.070455433216791041e+00
1.069582892224639981e+00
1.068658102215584549e+00
1.067673447650188345e+00
1.066623935647506238e+00
1.065492500126899778e+00
1.064277340697278751e+00
1.062960233065145754e+00
1.061518278892367384e+00
1.059935221329198596e+00
1.058186650370896542e+00
1.056219595541146861e+00
1.053983942400644080e+00
1.052333581563285936e+00
1.048568339131624061e+00
1.045617402239193749e+00
1.042941857896972246e+00
1.038519273327344283e+00
1.038891014443387828e+00
1.067730759114414285e+00
1.224068646276452510e+00
1.504862671501621119e+00
1.451226231499945785e+00
1.485847252552209286e+00
1.910336440730247887e+00
2.079526203903584669e+00
2.459932028405018567e+00
2.399416269911559318e+00
2.399431253763585126e+00
