1.982471932909436019e+00
1.218981731344545238e+00
1.214025175346161056e+00
1.210755350086287319e+00
1.207339448187639608e+00
1.204798741445091581e+00
1.201713041890919653e+00
1.198889227833787707e+00
1.196425628759528070e+00
1.194032546360493718e+00
1.191374487276414484e+00
1.188683470920092855e+00
1.186512799770659710e+00
1.184007105617069566e+00
1.181557745338467136e+00
1.179277982555380966e+00
1.176921530537339722e+00
1.174687818057230881e+00
1.172737746089603794e+00
1.170420690708821709e+00
1.168260312697368075e+00
1.166309356276777009e+00
1.163592189944471667e+00
1.161326038851639764e+00
1.159379366354641672e+00
1.157175872837480357e+00
1.155085599751919156e+00
1.153287292798648833e+00
1.151163515063123866e+00
1.149291036916600506e+00
1.147459879932768434e+00
1.145942354918026762e+00
1.143923634027191216e+00
1.141511853217104466e+00
1.139843162508802576e+00
1.138149308519691871e+00
1.136320740557861697e+00
1.134528747313098718e+00
1.132859958286392521e+00
1.131182558906855595e+00
1.129440752617394628e+00
1.128169846077402561e+00
1.126203724518177296e+00
1.125016625193663078e+00
1.123638150694827420e+00
1.122286173300280021e+00
1.120650764802725297e+00
1.119985060201763583e+00
1.117901571349952716e+00
1.116648492853160146e+00
1.115917348292065903e+00
1.114314006146274627e+00
1.113182329284529759e+00
1.112053637025331998e+00
1.111038891040983190e+00
1.110531414213397516e+00
1.109143191613550794e+00
1.108140066041963134e+00
1.107441054760587740e+00
1.106238949198057320e+00
1.105409471917373043e+00
1.104689141426878685e+00
1.103813133772301391e+00
1.103093555360435518e+00
1.102269264458459963e+00
1.101481105390847093e+00
1.100909496969224355e+00
1.100442646364437449e+00
1.099568317862105182e+00
1.099123698737833665e+00
1.098538314712337760e+00
1.099438617437964671e+00
nan
nan
nan
nan
nan
nan
nan
nan
nan
