4.888577568944389107e+00
3.599451297812832351e+00
2.714241801322463843e+00
2.382630036235917625e+00
2.194485410253872004e+00
1.908928866378565958e+00
1.758038199155597558e+00
1.577494423875580809e+00
1.461892483352255079e+00
1.380166232880192467e+00
1.214055211074127172e+00
1.069432099225010813e+00
9.242555705009013467e-01
7.724686246759592256e-01
6.609444415168129749e-01
5.861150736936232564e-01
5.213544801394262018e-01
4.648768927295864883e-01
4.242568148024053465e-01
3.769342562517874473e-01
3.551575995710662959e-01
3.411904105746538240e-01
3.294962222936996254e-01
3.182577423679051054e-01
3.206877858892728250e-01
