3.462913567954515326e-01
3.815333977739951976e-01
4.168889392576412001e-01
4.513932238926202101e-01
4.786901993243731224e-01
5.088246978020656286e-01
5.377106857579883048e-01
5.655184153645637091e-01
5.911128763937123498e-01
6.078542650987351914e-01
6.199421146915743419e-01
6.344134836913738473e-01
6.543328978980036403e-01
6.684637650662238473e-01
6.887804321544299668e-01
7.020032915068595836e-01
7.115373704911198693e-01
7.246467285824379490e-01
7.353158166633008141e-01
7.472901648631073979e-01
7.617047839190170810e-01
7.707848592896675566e-01
