3.318767379391146521e-01
3.418080699368723496e-01
3.496396346504494490e-01
3.607059758445960718e-01
3.716588162731809253e-01
3.788093750048330266e-01
3.885704558652413598e-01
3.925997388108513619e-01
3.964020203115937169e-01
4.022473186350905006e-01
4.045173371022854902e-01
4.074116112405045120e-01
4.107598888248951141e-01
4.118948982918914092e-01
4.131434084956975283e-01
4.128596559517851983e-01
4.124056524058272166e-01
4.109868906367739050e-01
4.103626356152074162e-01
4.096248795642368767e-01
4.095681289286072779e-01
4.095681289962591065e-01
4.095113785246851101e-01
4.091141251864589545e-01
4.086033710082538906e-01
4.082061175313414503e-01
4.081493673591268245e-01
4.076953635780787288e-01
4.076386131741566166e-01
4.070711083637045258e-01
4.069576073241527592e-01
4.067873559906130532e-01
4.065603540823304329e-01
4.061631009724291363e-01
4.053118438819068858e-01
4.048578399723202770e-01
4.045740878309364019e-01
4.045740876990153168e-01
4.045740875670942316e-01
4.045740876668806885e-01
4.046308380352856005e-01
4.045740876313634882e-01
4.046308383600143999e-01
4.046308382636105150e-01
4.047443390038029665e-01
4.049145904083770175e-01
4.050848418450857524e-01
4.051983427814684902e-01
4.053685943856154550e-01
4.057090969951907544e-01
4.063333523770032429e-01
4.067306053617485984e-01
4.070711083958391541e-01
4.079223653189231191e-01
4.088303728488847377e-01
4.090573746539983291e-01
4.101356335462516545e-01
4.120083989322973483e-01
4.122354007763107675e-01
4.137109132063631622e-01
4.147324214376174045e-01
4.159809319018830664e-01
4.162646842462224828e-01
4.186482039068770700e-01
4.211452242789721079e-01
4.227909879241734670e-01
4.236422449436613169e-01
4.257420123022589431e-01
4.265932692608601640e-01
4.295442938030012980e-01
4.303955506905680628e-01
4.328925714905609290e-01
4.351058397500240926e-01
4.370353554435880694e-01
4.382838658689539035e-01
4.408376368732960238e-01
4.421428975452935117e-01
4.437319106191344176e-01
4.456046763975607949e-01
4.462289312516889983e-01
4.487827025553904337e-01
4.501447137919831198e-01
4.520174790105905838e-01
4.526417344566723289e-01
4.550820044603624548e-01
4.573520231237476752e-01
4.587707848251491582e-01
4.618353102005040012e-01
4.635378242174928443e-01
4.645025822765324608e-01
4.678508596359807203e-01
4.702911299643996457e-01
4.729584020336629058e-01
4.739799103291863491e-01
4.769309346430026242e-01
4.792577035175022981e-01
4.807332159120374371e-01
4.834572382279323510e-01
4.864650132703994823e-01
4.890755347716849721e-01
4.928778161472714414e-01
4.965098459795975749e-01
4.976448555362325554e-01
4.983826116261028671e-01
5.021848931555972229e-01
5.057601724909799312e-01
5.066114294461986356e-01
5.100164577981398661e-01
5.153510015476684414e-01
5.177912718152006821e-01
5.177912715513585118e-01
5.228988139456580697e-01
5.242608253818237252e-01
5.289711138527087853e-01
5.312978833377662857e-01
5.337381534412427575e-01
5.370296805929591910e-01
5.386754439388011795e-01
4.378866126914008339e-01
4.677941092641932364e-01
4.879405253469710768e-01
4.894727883805184421e-01
5.279496057466104286e-01
5.392996991565580656e-01
5.450314966113239956e-01
5.454287500172019243e-01
5.504795411010449113e-01
5.529765622866531505e-01
5.583111060006644699e-01
5.618296350674287787e-01
5.630781452357177530e-01
5.667669258609639993e-01
5.697747004146466177e-01
5.235798197669099263e-01
5.710232108467776513e-01
5.740309855932680394e-01
5.719312185982990959e-01
5.767550080630708953e-01
5.824868053571636839e-01
5.845865730117381087e-01
5.869700926757752679e-01
5.907723735202948800e-01
5.930423923764879257e-01
5.954826629010970818e-01
5.962771689957437893e-01
6.001362012285196279e-01
6.022927187593318799e-01
5.903183702347964967e-01
6.049032401642134849e-01
6.066057547985252985e-01
6.100675330943562402e-01
6.117700473362873703e-01
6.134725612534898120e-01
6.151750754988035697e-01
6.171613415573898864e-01
6.201123661638002771e-01
6.213041254715172546e-01
6.231768911214050632e-01
6.249361557638758446e-01
6.261279158563539671e-01
6.278871803060169787e-01
6.294761931515330255e-01
6.315192100740738557e-01
6.328244709743963137e-01
6.360024970645741238e-01
6.367970036192531769e-01
6.388400206026807471e-01
6.408830370685717481e-01
6.439475624760612193e-01
5.240905736389904757e-01
6.127915554423857269e-01
6.454230747166884719e-01
5.916803816033102681e-01
5.927018896383741131e-01
6.418477955487440489e-01
6.478065943807257421e-01
6.522898811682704689e-01
6.548436523045335633e-01
6.566596672900397724e-01
6.612564550173498645e-01
6.625049657775922141e-01
6.653992393272404327e-01
6.668747520211348867e-01
6.687475174071806361e-01
6.710175358743756258e-01
6.724930477192396783e-01
6.734010555384127850e-01
6.752170703886153369e-01
6.766925826292425894e-01
6.785653480152883388e-01
6.794166050347761887e-01
6.810056184722457218e-01
6.836161396166677839e-01
6.845808975082691150e-01
6.865671644192684608e-01
6.859429088091310023e-01
6.716985411645605142e-01
6.846943983837652237e-01
6.879291756592437190e-01
6.913342033549623178e-01
6.934339711346926283e-01
6.960444922791146904e-01
6.984280119499171047e-01
7.004710291938041067e-01
7.030247998700348555e-01
7.046705632513940998e-01
7.062028264202451222e-01
7.083593439442921191e-01
7.097213549204253180e-01
7.116508707746623807e-01
7.128993815957914704e-01
7.142046420360814718e-01
7.161909087508905314e-01
7.170421654456495819e-01
7.182906757492421024e-01
7.193689344520702855e-01
7.201066908599041971e-01
7.216957040369141874e-01
7.227739630644711699e-01
7.247602294477862861e-01
7.254412350660826014e-01
7.274275014527803451e-01
7.284490099478766467e-01
7.302650244733503992e-01
7.312297828892534435e-01
7.331025479438051384e-01
7.337835533692937950e-01
7.357698199487991975e-01
7.360535722288693572e-01
7.378128369389919117e-01
7.397423530536885172e-01
7.402531068716475815e-01
7.431473812737088291e-01
7.443391406490775797e-01
7.462686564390453858e-01
7.471766640586456898e-01
7.492764316455682305e-01
7.499574372638645459e-01
7.525112078724434106e-01
7.529652117465128747e-01
7.539299695772275767e-01
7.557459846878895604e-01
7.561432381681846282e-01
7.572214971957416108e-01
7.581862550839603143e-01
7.589240112380998271e-01
7.601725217311176008e-01
7.613075305740257814e-01
7.625560408742356744e-01
7.633505474931839840e-01
7.645990582534264446e-01
7.656773164962221712e-01
7.663583226354375721e-01
7.673798310019954716e-01
7.684580898976314245e-01
7.689120936397796369e-01
7.702173544081810652e-01
7.710686111029401157e-01
7.725441235363750270e-01
7.737358835003147473e-01
7.735656322310443533e-01
7.760626521752415075e-01
7.778219171458236048e-01
7.785596729041999176e-01
7.808864422319669041e-01
7.816809487900285847e-01
7.812836955769582037e-01
7.859939841729992605e-01
7.860507347697290870e-01
7.872992452052426371e-01
7.884342548295294462e-01
7.890017593152528486e-01
7.908177739726476307e-01
7.920662847295074638e-01
7.936552977069445403e-01
7.793541793979923415e-01
7.955280633534498325e-01
7.863912379746403891e-01
7.939958007156655562e-01
7.966063222524683018e-01
7.978548320249939652e-01
7.994438457263056685e-01
8.002951024210647191e-01
8.010328588356637747e-01
8.020543670635353894e-01
8.037001308406578337e-01
8.042108850509974705e-01
8.057998980318171744e-01
8.069916576710280953e-01
8.079564158907408533e-01
8.090346745901864089e-01
8.103399350947455559e-01
8.108506891765467905e-01
8.116451962555275568e-01
8.120424492081382839e-01
8.131207081037742368e-01
8.139719649947235736e-01
8.143124678038716757e-01
8.160149819138818872e-01
8.165257360633348949e-01
8.176039949589707367e-01
8.185687529824932085e-01
8.193632596690932912e-01
8.198172633503549855e-01
8.204982691648415871e-01
8.219737812058960369e-01
8.218035295374798155e-01
8.228817888931481139e-01
8.243005501412823399e-01
