3.875489473413930019e-01
3.931104931243600831e-01
3.980477840210643325e-01
4.001475510447853878e-01
4.035525794034918734e-01
4.044038364872489244e-01
4.037228305763584379e-01
4.028148233812733903e-01
4.030418251221177806e-01
4.033823278348621089e-01
4.033255775307263979e-01
4.034390785313783923e-01
4.036093297685141579e-01
4.036660801758188977e-01
4.036093296754929005e-01
4.036660802011883264e-01
4.036660803686266119e-01
4.036660801081670691e-01
4.036093299325698713e-01
4.036093298361659865e-01
4.035525793003228445e-01
4.036093297042449568e-01
4.036660803009747833e-01
4.036660804041438122e-01
4.036660801115496411e-01
4.036660802722227270e-01
4.036660804041438122e-01
4.036093298683006148e-01
4.036093297685141579e-01
4.036093296399757002e-01
4.035525794288613022e-01
4.036093297718967854e-01
4.036660804007612402e-01
4.038363316125275770e-01
4.038363317089314619e-01
4.039498324812584862e-01
4.038363317765832905e-01
4.042335848898671591e-01
4.042903352261374428e-01
4.045740878630710302e-01
4.048010896039153650e-01
4.056523466910550435e-01
4.059928494325514281e-01
4.070711081996488123e-01
4.080926167911490543e-01
4.090573745542118722e-01
4.110436411370999021e-01
4.127461551828407460e-01
4.146756711047296928e-01
4.166051868557977267e-01
4.189887067515424834e-01
4.198967142459868462e-01
4.223937347111031415e-01
4.246070030991047628e-01
4.269337722019294068e-01
4.285795356796924249e-01
4.309063048400211260e-01
4.335735769769362147e-01
4.355030931305326480e-01
4.379433628636154596e-01
4.405538846963948929e-01
4.428239032278590837e-01
4.440156632915852053e-01
4.462856818551840243e-01
4.498609613833745025e-01
4.514499745925190655e-01
4.533227399075304143e-01
4.551387547932501110e-01
4.560467625160194438e-01
4.589977868619702916e-01
4.602462969947420102e-01
4.634243232168409055e-01
4.647295841492979362e-01
4.655240903471136171e-01
4.674536064229104504e-01
4.697236251184302991e-01
4.722773962225588207e-01
4.731286533739677558e-01
4.756824242785233636e-01
4.782929457476742252e-01
4.799954598001803241e-01
4.817547247064931648e-01
4.834572384562572656e-01
4.851597525019981649e-01
4.877702742705083416e-01
4.895295387844406099e-01
4.912888029736440232e-01
4.956018387456126995e-01
4.975881048075816437e-01
4.983826119542142385e-01
5.015038874053797668e-01
5.040576583775873143e-01
5.060439245038254041e-01
5.084841948609963858e-01
5.104704612155593901e-01
5.135349863050853170e-01
5.155780035489723190e-01
5.184155268942712835e-01
5.213665511793355023e-01
5.238068211119911721e-01
5.251120823438074625e-01
5.279496058176448292e-01
5.308438796277525906e-01
5.326031440131463457e-01
5.362351740416627655e-01
5.387321941854328333e-01
5.407752111688604035e-01
5.431587311576263621e-01
5.471312635386411660e-01
5.478122690960508523e-01
5.525225581521242546e-01
5.546223255327087376e-01
5.581976048359568177e-01
5.613756309937865119e-01
5.637024004500919006e-01
5.673344303500699182e-01
5.694909480128031998e-01
5.728959763004752848e-01
5.744849893387989903e-01
5.777197658328989682e-01
5.800465352283177278e-01
5.829408095661096079e-01
5.859485837206465098e-01
5.882753533088730391e-01
5.906021222408767146e-01
5.930991430374870088e-01
5.955394132407499930e-01
5.994551952821118856e-01
6.020089664149924635e-01
6.042222344816479129e-01
6.075705127577784026e-01
6.098405312215907648e-01
6.114862944067597228e-01
6.144940694881265708e-01
6.167640886047791593e-01
6.206231199817593414e-01
6.227796375802234774e-01
6.249929059648424712e-01
6.281709321226720544e-01
6.303842009098195032e-01
6.340729813388754632e-01
