1.099602397694692479e+00
1.099207071385016388e+00
1.098845156778454957e+00
1.098501757997422112e+00
1.098180529235217140e+00
1.097872699215601378e+00
1.097577023503458538e+00
1.097288878231515108e+00
1.097006908685407067e+00
1.096725393441632557e+00
1.096444188543862719e+00
1.096159765272647579e+00
1.095870534817995567e+00
1.095577650109157863e+00
1.095274699234230376e+00
1.094961554229777034e+00
1.094639341830260237e+00
1.094311287079595685e+00
1.093975141217425673e+00
1.093626734895296382e+00
1.093276438238969694e+00
1.092919797877313970e+00
1.092561515281016638e+00
1.092194651469531541e+00
1.091819848702271889e+00
1.091440691443795519e+00
1.091051703156694863e+00
1.090651919301769412e+00
1.090238640746899357e+00
1.089818768046390884e+00
1.089387570591913601e+00
1.088946403645811634e+00
1.088491833613872917e+00
1.088030780825034016e+00
1.087559786505071679e+00
1.087082368650621023e+00
1.086595283282018931e+00
1.086100223311893043e+00
1.085591979102835003e+00
1.085069149916940923e+00
1.084533606083762036e+00
1.083983438685143241e+00
1.083425599487825908e+00
1.082859141508260237e+00
1.082273369702475119e+00
1.081673534346333065e+00
1.081053880603093820e+00
1.080423315999781364e+00
1.079770301400542865e+00
1.079116171337636709e+00
1.078422163484126450e+00
1.077726999974996325e+00
1.077016011545995244e+00
1.076291492690117702e+00
1.075549791311271930e+00
1.074776559904074835e+00
1.073989142794376628e+00
1.073182905195898762e+00
1.072344860710720660e+00
1.071483864875435454e+00
1.070603761964688427e+00
1.069684980784403772e+00
1.068745937610442454e+00
1.067769419571225065e+00
1.066766258962754677e+00
1.065722102475121780e+00
1.064649393931804910e+00
1.063512632649424194e+00
1.062333570139056826e+00
1.061093600327632558e+00
1.059794376673232064e+00
1.058416357329143187e+00
1.056965392000267512e+00
1.055422600095939467e+00
1.053784835792536345e+00
1.052009734194933932e+00
1.050125914036459829e+00
1.048046580549469198e+00
1.045786549302061053e+00
1.043323588827250292e+00
1.040596410342076172e+00
1.037576181265777553e+00
1.034186636655381131e+00
1.030421097042760747e+00
1.026337117942736299e+00
1.021918657344097037e+00
1.017214523244747149e+00
1.012276579834303858e+00
1.007322777299224592e+00
1.002426568580048638e+00
9.977588520087392610e-01
9.933332298990072973e-01
9.891862872374679316e-01
9.851728699871782347e-01
9.814020725419860813e-01
9.777132511869556231e-01
9.740567663445063307e-01
9.704529830420519643e-01
9.668822525497543507e-01
9.633755331568195635e-01
9.597839621631344409e-01
9.562946466364253828e-01
9.542543366767038959e-01
9.519693151139203557e-01
9.487818236600242816e-01
9.454896739727860489e-01
9.428502900884164761e-01
9.388772480218975369e-01
9.366897956973597728e-01
9.335767747588558096e-01
9.299736022103570754e-01
9.267551510973054407e-01
9.224186834747245545e-01
9.196079158666597975e-01
9.254274881797348584e-01
9.291845833860807868e-01
9.260985629660446472e-01
9.231797856597473428e-01
9.203669550564846924e-01
9.176334280999103310e-01
9.149935767921346663e-01
9.124770371199912855e-01
9.099340314769317484e-01
9.074571650331715311e-01
9.050342197058576232e-01
9.025598923604311041e-01
9.001510583727267978e-01
8.977372582739067131e-01
8.953118747103722130e-01
8.928805013992656692e-01
8.904749242991935043e-01
8.880165658942362761e-01
8.855612061532589507e-01
8.831152996189660653e-01
8.807143074931300664e-01
8.783645477869150842e-01
8.765587114149876458e-01
8.751183795330912396e-01
8.726951346603872839e-01
8.703040082009126932e-01
8.678721458820836121e-01
8.654506728412493244e-01
8.630635173344719524e-01
8.607145844046533156e-01
8.583606248998958410e-01
8.563459905821175777e-01
8.559203277272308119e-01
8.551652514293877072e-01
8.529064804814499023e-01
8.506620389454129239e-01
8.484629738189448656e-01
8.462813445816962377e-01
8.440744047788396598e-01
8.418893256365227451e-01
8.397180952026465084e-01
8.375391077220010194e-01
8.353381521395620846e-01
8.331633103156994569e-01
8.309843567928900665e-01
8.287436141375684739e-01
8.265669575195416785e-01
8.244602674523544561e-01
8.222983383603348351e-01
8.202014447956605947e-01
8.180503116807590347e-01
8.159319204854124097e-01
8.138260930771522572e-01
8.117258007589585045e-01
8.095656699100828302e-01
8.074388305639329522e-01
8.052871945185623437e-01
8.031718961619254138e-01
8.010460243891603938e-01
7.988801589246762314e-01
7.967442566315707797e-01
7.945647288462027724e-01
7.923678573844422646e-01
8.033080861216796986e-01
8.063483820567166616e-01
8.016160141595694011e-01
7.976203626857348850e-01
7.941938285037192236e-01
7.911069592088164626e-01
7.882910471898555427e-01
7.856494997323124618e-01
7.831993762835641748e-01
7.808425704160090186e-01
7.785784369003190264e-01
7.763955550759085167e-01
