3.171783665490132686e-01
3.401055558945140778e-01
3.618409852151885375e-01
3.834629134286594021e-01
3.889677089108733998e-01
3.975937800759605234e-01
4.006015548613506838e-01
4.016798137857386375e-01
4.028148232459697331e-01
4.039498324169892851e-01
4.044038361591375530e-01
4.039498325167756865e-01
4.037795812728747213e-01
4.038363317055488899e-01
4.041200840854055065e-01
4.039498327129660282e-01
4.037795811764708365e-01
4.037228308368179808e-01
4.036660803043573553e-01
4.036093297076275288e-01
4.036093299004352430e-01
4.036093299359524433e-01
4.036093296044584999e-01
4.036093298040314137e-01
4.036093298683006148e-01
4.036093297363795851e-01
4.036093297685141579e-01
4.036093299359524433e-01
4.036093297363795851e-01
4.036093299004352430e-01
4.036093299359524433e-01
4.036093298040314137e-01
4.036093298361659865e-01
4.036093296078410719e-01
4.036093298006487862e-01
4.036093297718967854e-01
4.036093297363795851e-01
4.036093297042449568e-01
4.036093296399757002e-01
4.036093298040314137e-01
4.036093296721103285e-01
4.036093298361659865e-01
4.036093297363795851e-01
4.036093297718967854e-01
4.036093298716832423e-01
4.036093297363795851e-01
4.036093297685141579e-01
4.036093296433582722e-01
4.036093298361659865e-01
4.036093296078410719e-01
4.036093297042449568e-01
4.036093299004352430e-01
4.036093298074139857e-01
4.036093296365931282e-01
4.036093296044584999e-01
4.036093299325698713e-01
4.036093298683006148e-01
4.036093299359524433e-01
4.036093298716832423e-01
4.036093297042449568e-01
4.036093299359524433e-01
4.036093297042449568e-01
4.036093296399757002e-01
4.036093297042449568e-01
4.036093299291872993e-01
4.036093297972662142e-01
4.036093298327834145e-01
4.036093297076275288e-01
4.036093297042449568e-01
4.036093297397621571e-01
4.036093296754929005e-01
4.036093297042449568e-01
4.036093297397621571e-01
4.036093298361659865e-01
4.036093298395486140e-01
4.036093297042449568e-01
4.036093299004352430e-01
4.036093296721103285e-01
4.036093299004352430e-01
4.036093299004352430e-01
4.036093297363795851e-01
4.036093296721103285e-01
4.036093299004352430e-01
4.036093296078410719e-01
4.036093296078410719e-01
4.036093296399757002e-01
4.036093296044584999e-01
4.036093298074139857e-01
4.036093299004352430e-01
4.036093299004352430e-01
4.036093298361659865e-01
4.036093296687277565e-01
4.036093299038178150e-01
4.036093297008623293e-01
4.036093296078410719e-01
4.036093298361659865e-01
4.036660801758188977e-01
4.036660802722227270e-01
4.036660802367055267e-01
4.036660803364919836e-01
4.037795811122016354e-01
4.038930821483707745e-01
4.040065829173152268e-01
4.040633335783143099e-01
4.041768345535968754e-01
4.041768343540239616e-01
4.043470857941152685e-01
4.045173372595760042e-01
4.046875886320154270e-01
4.046875887318018838e-01
4.048578402327798198e-01
4.049713411404105567e-01
4.049713411048933565e-01
4.050848420412760387e-01
4.053685942536943698e-01
4.056523467553243001e-01
4.057090972590328692e-01
4.061063502082610244e-01
4.065603542142514626e-01
4.067306053905006547e-01
4.069008567595575054e-01
4.073548608399649718e-01
4.078656149894179794e-01
4.084898701006232091e-01
4.089438739459405614e-01
4.094546278992032828e-01
4.106463878597603756e-01
4.108733898610642532e-01
4.117813971593183853e-01
4.128029055224936572e-01
4.135974122090937954e-01
4.147891721696508882e-01
4.154134272199694333e-01
4.162079338744349433e-01
4.179671981245250412e-01
4.194994608976129191e-01
4.206344700973844719e-01
4.224504853399676518e-01
4.246637534100056177e-01
