3.323874922171061730e-01
3.428863286430831048e-01
3.513421484323481780e-01
3.603087226704256296e-01
3.712615629349547142e-01
3.758583509193417216e-01
3.821576527312924854e-01
3.879462004868114433e-01
3.953805120482049018e-01
3.993530446254099364e-01
4.011123092712632898e-01
4.019635661943472549e-01
4.033255774275573691e-01
4.040065829849670553e-01
4.037228306118756382e-01
4.035525792648055887e-01
4.036093299004352430e-01
4.036093296399757002e-01
4.036093299325698713e-01
4.036093298361659865e-01
4.036093297685141579e-01
4.036093298683006148e-01
4.036093298327834145e-01
4.036093299359524433e-01
4.036093296433582722e-01
4.036093296399757002e-01
4.036093299359524433e-01
4.036093298683006148e-01
4.036093297685141579e-01
4.036660802722227270e-01
4.036660803652440399e-01
4.036660802400881543e-01
4.036660804007612402e-01
4.036660802079535260e-01
4.037228307725487242e-01
4.037228306084930662e-01
4.037795813083919216e-01
4.037795811443362637e-01
4.038363316767968336e-01
4.038363315803930043e-01
4.042335849220017874e-01
4.044038364229797233e-01
4.046875888282057687e-01
4.055388457546723613e-01
4.059928494680686284e-01
4.066738550863649437e-01
4.078088644823268383e-01
4.080358663550923137e-01
4.092276261904935208e-01
4.103626355830727879e-01
4.109868907365603619e-01
4.120651495357923744e-01
4.131434084601803280e-01
4.142216672881643413e-01
4.158106806004779887e-01
4.170591906689804507e-01
4.180806990609077789e-01
4.212019748469499336e-01
4.219397309013030450e-01
4.234719937674121248e-01
4.251177572164231977e-01
4.277850293854729147e-01
4.290902898612801164e-01
4.326655693218187104e-01
4.351625900862943763e-01
4.375461098501180479e-01
4.404403836923603266e-01
4.450371714873221918e-01
4.453776743962568618e-01
4.493502071053829816e-01
4.525849839495811322e-01
4.566142671302812484e-01
4.594517904079283288e-01
4.640485782384073943e-01
4.666023494355572288e-01
4.751716698077241841e-01
5.180182738841564438e-01
5.123432269263339389e-01
4.971908516621631469e-01
4.940695760080420773e-01
4.926508145992347654e-01
4.956018388775337846e-01
4.991203677125905513e-01
5.032064011619090671e-01
5.081436922869382311e-01
