1.486781734396249055e+00
1.254669363054485842e+00
1.185653656858109972e+00
1.153907589660479127e+00
1.136027313058096677e+00
1.121258117765514539e+00
1.103142561513932085e+00
1.099170432885803628e+00
1.098391084109239690e+00
1.098121783051572820e+00
1.097892566596154085e+00
1.097673740589106606e+00
1.097467864664477322e+00
1.097268767642633813e+00
1.097074166768174042e+00
1.096877994747615492e+00
1.096678408670693328e+00
1.096474860266682283e+00
1.096264367118189531e+00
1.096047943353206433e+00
1.095823660258652632e+00
1.095592135028937708e+00
1.095353934938186002e+00
1.095106108100275755e+00
1.094851662207323661e+00
1.094588414425679668e+00
1.094311722398825903e+00
1.094020881627665531e+00
1.093714893016443979e+00
1.093391813367823318e+00
1.093051805107082552e+00
1.092692398516221575e+00
1.092312404276070348e+00
1.091912864278931083e+00
1.091495570202338117e+00
1.091050564488449393e+00
1.090572818488797502e+00
1.090067362225182190e+00
1.089524426773358812e+00
1.088946753459893779e+00
1.088324225839857551e+00
1.087648775992792194e+00
1.086920903858955345e+00
1.086138292775847614e+00
1.085292887142409457e+00
1.084387411318127770e+00
1.083414101315156142e+00
1.082369811783434388e+00
1.081232582884839921e+00
1.079991286941949680e+00
1.078635682996640810e+00
1.077109476324039861e+00
1.075409186075131585e+00
1.073535238422618665e+00
1.071452371893226285e+00
1.069149386401777369e+00
1.066661110517487687e+00
1.064036280983970961e+00
1.061253109460493782e+00
1.058284366931149911e+00
1.055159191417948561e+00
1.051869306057754194e+00
1.048384408594686512e+00
1.044717935954027288e+00
1.040804067417614664e+00
1.036711696760925561e+00
1.032396641913326807e+00
1.027955947368263123e+00
1.023380864435059268e+00
1.018708027191880916e+00
1.013847416669433121e+00
1.009364008687017478e+00
1.004692555522480379e+00
1.000069794765930498e+00
9.953272759958371463e-01
9.906830715778621732e-01
9.855310630056876020e-01
9.805208363311662678e-01
9.756039257325850311e-01
9.700934944165821028e-01
9.643958132705787722e-01
9.589546677554940945e-01
9.523011765958475650e-01
9.459128940114233108e-01
9.383412994481156177e-01
9.309041710691698945e-01
9.225371383753370180e-01
9.142606605818306420e-01
9.054285349454046505e-01
8.961698642065776266e-01
8.892862610030570769e-01
8.790676468996717619e-01
8.702652957232273057e-01
8.631046842205477576e-01
8.550086904245894903e-01
8.488534668383428405e-01
8.429416546816993483e-01
8.360909484489627008e-01
8.313580483111909780e-01
8.254443950438213884e-01
8.201983957750411669e-01
8.157958340464882552e-01
8.099369451925382268e-01
8.057164349172247775e-01
8.015909243993866173e-01
7.968759725863854282e-01
7.913842528803071152e-01
7.877119891888829661e-01
7.832564696518207192e-01
7.792701929017827878e-01
7.749558705645206436e-01
7.712842305451690361e-01
7.678324631472652761e-01
7.640427142697940877e-01
7.611039305246076747e-01
7.561511820896036351e-01
7.539874276869427128e-01
7.496210858416093581e-01
7.451853436540444298e-01
7.426671614495913287e-01
7.387753787562171270e-01
7.354007330136174136e-01
7.316442941991514459e-01
7.280913638132302523e-01
7.250823809099172790e-01
7.217488321453751077e-01
7.180022121788214307e-01
7.142529213383170816e-01
7.112703697783310242e-01
7.077357834972984874e-01
7.047115154308571938e-01
7.007376469837049981e-01
6.980740586715905582e-01
6.940405500692173879e-01
6.909824379232859526e-01
6.893186393149979274e-01
6.863033537101301818e-01
6.820875730621956956e-01
6.781712232765291226e-01
6.743758001965336479e-01
6.707166978878706942e-01
6.676306560289696490e-01
6.645607681349101625e-01
6.601600410394207197e-01
6.573017858652513423e-01
6.542866333721241157e-01
6.500155960557598700e-01
6.477219629122649147e-01
6.437890421660247275e-01
6.394788925767208587e-01
6.353042978250265094e-01
6.311827142151616998e-01
6.276381750848546437e-01
6.244770982507530377e-01
6.201416423342283046e-01
6.156051328880252083e-01
6.124596846583320042e-01
6.091054740135288803e-01
6.036618133454755286e-01
6.003695579218096823e-01
