3.652460133354223371e-01
4.317008115942730928e-01
4.794847056473446889e-01
5.243743262539372063e-01
5.592758641916252271e-01
6.047329890843681222e-01
6.382725160526881991e-01
6.701662790409302906e-01
6.909369502771957050e-01
7.318540376469777620e-01
7.326485443335779557e-01
7.603995236072655928e-01
7.935417965777541438e-01
8.227682876320365768e-01
8.379774132392427965e-01
8.367856531467646741e-01
8.585778330574037609e-01
8.686794165273873380e-01
8.757164744545778978e-01
8.983031606662017499e-01
