4.036093298395486140e-01
4.036093297076275288e-01
4.036093298361659865e-01
4.036093297685141579e-01
4.036093296754929005e-01
4.036093299325698713e-01
4.036093298361659865e-01
4.036093299359524433e-01
4.036093296399757002e-01
4.036093297076275288e-01
4.036093296754929005e-01
4.036093299359524433e-01
4.036093297685141579e-01
4.036093297076275288e-01
4.036093296754929005e-01
4.036093297329969576e-01
4.036093299004352430e-01
4.036093296399757002e-01
4.036093299325698713e-01
4.036093298361659865e-01
4.036093297685141579e-01
4.036660803364919836e-01
4.036660803009747833e-01
4.036660804041438122e-01
4.037228305797410099e-01
4.037228305763584379e-01
4.037795813405265499e-01
4.038930822092574591e-01
4.040633335140451088e-01
4.044038363587104667e-01
4.049145904692637021e-01
4.053118438176376293e-01
4.056523465591340138e-01
4.061063503401821095e-01
4.069576072632660746e-01
4.073548605727402294e-01
4.079791159224181452e-01
4.092276262547627219e-01
4.100221325134650319e-01
4.113273935457085195e-01
4.129164065231455960e-01
4.147324216016730625e-01
4.166619375523140101e-01
4.196129616699399434e-01
4.225072355832166782e-01
4.256852619981232877e-01
4.291470404258753146e-01
4.322115658722645581e-01
4.368083537314957354e-01
4.391351228918243810e-01
4.433914080772110022e-01
4.470801883455938763e-01
4.519039781706117309e-01
4.562170138529417218e-01
4.626865672656568229e-01
4.687588672302115955e-01
4.755121729737357694e-01
4.832302367475475036e-01
4.898132910611281421e-01
4.977016058725028391e-01
5.051926677735490978e-01
5.135349866974658894e-01
5.205152943492726836e-01
5.268145961544582478e-01
5.313546337772055983e-01
5.397537030018754178e-01
5.450314964794028549e-01
5.499120364834004793e-01
5.548493275441603867e-01
5.601838716860695344e-01
5.642699052605439913e-01
5.672776802742591773e-01
5.709664606424285083e-01
5.742012372007976317e-01
5.777197664891217110e-01
5.796492820795166034e-01
5.827138076933442434e-01
5.863458371299071770e-01
5.894671127485110462e-01
5.924748881512241772e-01
5.965609212758139490e-01
5.964474204713522409e-01
6.003632028408255605e-01
6.014414619969209452e-01
6.040519832732640371e-01
6.071732588275987608e-01
6.102377843703918892e-01
6.116565462037143464e-01
6.144940697485861136e-01
6.162533341982491253e-01
6.180125985126084798e-01
6.199421147626088535e-01
6.240281482051621698e-01
6.226093864361088581e-01
6.251064072327191523e-01
6.276601781727919604e-01
6.297599456886801006e-01
6.323137167606740494e-01
6.321434653560998873e-01
6.340162302821131801e-01
6.347539863686009198e-01
6.364565006748013065e-01
6.379887631231604406e-01
6.406560351924237562e-01
6.429828043206177179e-01
6.438340614145225960e-01
6.451960727120019667e-01
6.450825719684268877e-01
6.471823389701611973e-01
6.487146015470587335e-01
6.499063618999963987e-01
6.496226091666590374e-01
6.506441175941035659e-01
6.522898811107663564e-01
6.534816413317829920e-01
6.546734007071517425e-01
6.567731686830723392e-01
6.584756824683536403e-01
6.596106918964501631e-01
6.610294532731229022e-01
6.635264740054639399e-01
6.649452354497884521e-01
6.656262415247345965e-01
6.664774986761434761e-01
6.681800127861536875e-01
6.709040347384199743e-01
6.712445376828718446e-01
6.726632992523522425e-01
6.744793147587775373e-01
6.764088306130146000e-01
6.787923499523230708e-01
6.792463536302021376e-01
6.806651155311764789e-01
6.827081321864926222e-01
6.816866242224630668e-01
