1.099006241333010392e+00
1.098646359014481266e+00
1.098295103907618975e+00
1.097961000799219544e+00
1.097639816619570441e+00
1.097322092222156709e+00
1.097011050425148904e+00
1.096711922264228978e+00
1.096414422137831579e+00
1.096119968197441841e+00
1.095827417465393028e+00
1.095533016821115035e+00
1.095236455505927076e+00
1.094935697632719140e+00
1.094629083844171902e+00
1.094318803042303667e+00
1.094004890216641046e+00
1.093684939126896349e+00
1.093354313004592626e+00
1.093017505737541972e+00
1.092674000661953970e+00
1.092319744073413146e+00
1.091957089856455454e+00
1.091583786862613925e+00
1.091204835130396900e+00
1.090812697122927943e+00
1.090396700317530554e+00
1.089973034635993709e+00
1.089531489915308127e+00
1.089069665591174685e+00
1.088596170906933613e+00
1.088105525123999273e+00
1.087602436890917845e+00
1.087079834697208813e+00
1.086543646142090536e+00
1.085984460659827011e+00
1.085411181698036964e+00
1.084817759823321515e+00
1.084213825395446751e+00
1.083597298289771471e+00
1.082966027841091083e+00
1.082320940453269653e+00
1.081656679346168826e+00
1.080978986320021429e+00
1.080278262141668000e+00
1.079562699562723438e+00
1.078821368246152712e+00
1.078063738013929296e+00
1.077284103936068327e+00
1.076479426618805135e+00
1.075649837340516335e+00
1.074792623973164662e+00
1.073907915061992790e+00
1.072993182282220292e+00
1.072045355262310373e+00
1.071067655305032673e+00
1.070044764297435114e+00
1.068985246244079423e+00
1.067878474321100724e+00
1.066724659602208192e+00
1.065520132334181858e+00
1.064266897318115745e+00
1.062941289828885916e+00
1.061559093647285623e+00
1.060102293334546530e+00
1.058580687588483338e+00
1.056970629841723408e+00
1.055295217328780399e+00
1.053529329775113155e+00
1.051668022237864042e+00
1.049695989410571739e+00
1.047619921903619522e+00
1.045442848935935531e+00
1.043170261265342402e+00
1.040807196896555542e+00
1.038365166856092259e+00
1.035812158352143131e+00
1.033189925228207962e+00
1.030486851665084913e+00
1.027698032965989494e+00
1.024791456555597779e+00
1.021855395461690241e+00
1.020344296511615401e+00
1.016018140431694139e+00
1.012968419216648153e+00
1.009717957026760482e+00
1.006467624505135383e+00
1.003290456933592534e+00
1.000024221114068856e+00
9.966606299510899492e-01
9.933031991569809538e-01
9.898751677587864783e-01
9.863515247464362812e-01
9.830206206238477629e-01
9.797356159812469212e-01
9.764000833504695720e-01
9.729935810816395803e-01
9.698639287660952846e-01
9.665571031103096233e-01
9.632094707907643549e-01
9.605235438342533127e-01
9.567640328859201571e-01
9.533587370048173248e-01
9.498101401549585709e-01
9.462710750860020559e-01
9.424936702929170851e-01
9.385486533115349195e-01
9.345324488532075202e-01
9.304270269915273506e-01
9.263040200345166175e-01
9.220356123143390592e-01
9.210736920009453543e-01
1.153232775571485513e+00
1.094330333376653197e+00
1.026190704205041548e+00
1.016063174983035999e+00
9.660708236272188554e-01
9.301792893627026659e-01
9.237941079922846743e-01
9.213762172815931351e-01
9.192254783502266102e-01
9.171401665725013030e-01
9.150564390653297409e-01
9.130325159483441144e-01
9.108466326794636414e-01
9.087287362456274442e-01
9.064353543982374140e-01
9.041797449623819594e-01
9.018342338959479676e-01
8.993973939651921379e-01
8.969466297250756615e-01
8.943777796352270215e-01
8.917577156758891288e-01
8.890008483508896608e-01
8.862427978427407371e-01
8.834816799837089674e-01
8.805762029764404586e-01
8.777148230082195690e-01
8.754036754317305880e-01
8.721910715712015705e-01
8.691009069455142289e-01
8.663191837360907366e-01
8.635224266528785941e-01
8.606132956011450785e-01
8.577296544769336117e-01
8.549882476009539323e-01
8.526503480216118813e-01
8.495795874527719560e-01
8.471086977606673285e-01
8.444656174209005384e-01
8.424325104800521880e-01
8.399466333909659799e-01
8.381010183113047907e-01
8.373278372066258468e-01
8.339775750608775517e-01
8.318967807949837479e-01
8.305087424854868949e-01
8.284203415290160022e-01
8.264956197980299901e-01
8.248642893257236430e-01
8.231130167524793873e-01
8.219170478164090632e-01
8.204529759771713726e-01
8.180037707836239624e-01
8.162736125088706496e-01
8.148691823571678761e-01
8.130819740451550315e-01
8.112731303904047175e-01
8.095970862562990034e-01
8.081159276992317952e-01
8.066927658856020145e-01
8.114118080838409464e-01
8.054703357108611295e-01
8.033917099499592318e-01
8.015132992554858671e-01
7.998436728682544183e-01
7.982338745527319812e-01
7.968100501604623576e-01
7.954278328850215019e-01
7.940521030953439086e-01
7.925387685871659871e-01
7.908638573201612898e-01
7.900534233327932698e-01
7.887164498693346459e-01
7.866408430104574467e-01
7.852061533655957382e-01
7.836639291988072298e-01
7.822502384891535376e-01
7.805501427663170677e-01
7.791294891070740247e-01
7.777814132341508424e-01
7.762971352139962367e-01
7.749550657106998308e-01
7.737913648303240688e-01
7.720597901292072240e-01
7.710857161713284835e-01
7.693152204557605067e-01
7.681987922386862566e-01
7.665309463698195547e-01
7.652915600824894415e-01
7.647539289975490151e-01
7.623686838160849133e-01
7.612433746185647276e-01
7.596800556065688159e-01
7.611433107833587286e-01
7.583937160334611738e-01
7.561595404427503553e-01
7.544018664740791413e-01
7.542218428167904998e-01
7.519057579860738416e-01
7.508241907907976520e-01
7.492096982467161270e-01
7.493428436576369256e-01
7.484570830953858334e-01
7.457770808595080014e-01
7.445481485185568848e-01
7.432812684666494363e-01
7.417378717583442693e-01
7.406806265527805522e-01
7.393326792995164043e-01
7.380973741325060899e-01
7.368766210398645100e-01
7.356169118113241590e-01
7.346588182642824760e-01
7.331082494404602690e-01
7.319381449828860076e-01
7.308907940942335202e-01
7.294419795591007283e-01
7.280813012563656095e-01
7.268294010413477446e-01
7.259955397664834553e-01
7.259290252585097747e-01
7.233834710864512907e-01
7.222675374685233463e-01
7.210011564131310058e-01
7.193323746048749801e-01
7.180626343452228832e-01
7.176882154851852436e-01
7.155991867467931256e-01
7.141733454099260525e-01
7.128486385864213348e-01
7.165668889475115266e-01
7.114979227293729558e-01
7.097903338729384393e-01
7.085002111519961288e-01
7.079776707988247875e-01
7.060926438602427302e-01
7.049129516060510525e-01
7.038497717959217859e-01
7.084429240661069827e-01
7.048772566739712753e-01
7.023796533139229359e-01
7.002673365290309482e-01
7.038230189744815180e-01
6.989125317784675717e-01
6.972522654244377449e-01
6.958094086071181517e-01
6.945813902288592301e-01
6.937045884060674128e-01
6.925890352654135995e-01
6.918893858683000664e-01
6.910265864589063556e-01
6.896868891602618845e-01
