3.213211507878693807e-01
3.159866070062062327e-01
2.820498267639293122e-01
2.568526188869643123e-01
2.378979625110491936e-01
2.137222631739999212e-01
1.926678395874755478e-01
1.772317120753692521e-01
2.235400942260727386e-01
2.959536917667898726e-01
3.076442878860992103e-01
3.076442881499413251e-01
3.076442881178066968e-01
3.076442881211893243e-01
3.076442879926508112e-01
3.076442881178066968e-01
3.076442880501548682e-01
3.076442881178066968e-01
3.076442878894817823e-01
3.076442879537510389e-01
3.076442880822894965e-01
3.076442881854585254e-01
3.076442878860992103e-01
3.076442879571336109e-01
3.076442880214028675e-01
3.076442879892682392e-01
3.076442881499413251e-01
3.076442881178066968e-01
3.076442878894817823e-01
3.076442881178066968e-01
3.076442879858856116e-01
3.077010385538634374e-01
3.077010383931903514e-01
3.077010386536498943e-01
3.077010386824019506e-01
3.076442880569200677e-01
3.077010385538634374e-01
3.076442880180202399e-01
3.075307869852336728e-01
3.080415413917636513e-01
3.090062991903437251e-01
3.117870723955626366e-01
3.146245958051307468e-01
3.202996424602113090e-01
3.283014583787896012e-01
3.376652858586893236e-01
3.506611428461864355e-01
3.667782757803987881e-01
3.824414052650569884e-01
4.019068156297520567e-01
4.203507178849661408e-01
4.410078883776565317e-01
4.540037454260402727e-01
4.672833550859881724e-01
4.676806082314066693e-01
4.643323307366547525e-01
4.542874978667835739e-01
4.442426648683738821e-01
4.371488566049131497e-01
4.307360535639854771e-01
4.251745078131530242e-01
4.208047215340932068e-01
4.168889394572141138e-01
4.146756710692124925e-01
4.128029055512456580e-01
4.118381474955886690e-01
4.108733897037737948e-01
4.103058849508257055e-01
4.096816297009343022e-01
4.093978776238196282e-01
4.091708756867849517e-01
4.089438736854810186e-01
4.087736224415799979e-01
4.086601212768723457e-01
4.083196184964761888e-01
4.083196185641280174e-01
4.082061178273181934e-01
4.083763690357020137e-01
4.082061178560702497e-01
4.082628681314539043e-01
4.084898700684885808e-01
4.084898700363539525e-01
4.089438738782887328e-01
4.092843764269773477e-01
4.096816297076994462e-01
4.101356336105208555e-01
4.103626354866689030e-01
4.108733897325257955e-01
4.115543953186875381e-01
4.124624029061532138e-01
4.135974120416555100e-01
4.145621700685604982e-01
4.162079335497061439e-01
4.175131945142978029e-01
4.197264626418398814e-01
4.214857270915028931e-01
4.236989955759083437e-01
4.267067701651082734e-01
4.303955507582198914e-01
4.370353556363957837e-01
4.438454117195728688e-01
4.553657566338809581e-01
4.744339142421555300e-01
5.070654330631909623e-01
5.775495150236609199e-01
6.202826169798034694e-01
5.677884340347141290e-01
6.199988646354640531e-01
6.055274957100816868e-01
5.449747460399635424e-01
5.158617557647733332e-01
4.849895012614797718e-01
4.739799102293999478e-01
4.578627774947604534e-01
