3.076442881533238971e-01
3.077010384895942363e-01
3.079280405230327422e-01
3.088360477215004174e-01
3.105385618991623464e-01
3.141138415043067678e-01
3.185971284432224659e-01
3.239316722604028143e-01
3.325009929572985690e-01
3.390840474958215500e-01
3.476533680641788471e-01
3.561659384248043181e-01
3.638272514665825685e-01
3.714318142752595642e-01
3.756313489180377885e-01
3.803416378100555328e-01
3.860166847932474665e-01
3.919187333210935043e-01
3.967992734248775855e-01
3.983882866018875757e-01
4.021338174991349046e-01
4.051415923454117496e-01
4.086601215660839448e-01
4.115543954506086233e-01
4.130299073563593049e-01
4.139946653223776640e-01
4.160944326420754624e-01
4.187049541467435243e-01
4.206912208615525839e-01
4.227342376487898123e-01
4.238124965089085094e-01
4.239259973810219906e-01
4.240962489208997543e-01
4.239827478847305597e-01
4.233584927346255578e-01
4.234152433381205838e-01
4.219397308979204175e-01
4.210884739071846239e-01
4.198399639097165625e-01
4.190454569914089378e-01
4.191589578922744197e-01
4.179104479201758426e-01
4.172861926060151272e-01
4.173996934747460363e-01
4.174564440427238621e-01
4.157539298295446772e-01
4.149026730096297411e-01
4.151296749466644176e-01
4.141081665192199446e-01
4.142216673202989696e-01
4.141081664837026888e-01
4.141649169840286859e-01
4.145054197289076425e-01
4.145621700330432979e-01
4.141081665158373171e-01
4.146189206974249530e-01
4.150729242755176185e-01
4.150161737143049367e-01
4.154701776238915456e-01
4.145621701294471828e-01
4.150161738783606502e-01
4.151864252829347568e-01
4.162079335463235719e-01
4.172294422376102152e-01
4.177401962805116220e-01
4.194994607048052049e-01
4.200102151789870120e-01
4.217694794967289385e-01
4.223369842073945724e-01
4.248340049752528103e-01
4.264797684208812556e-01
4.281822826661950687e-01
4.296577948036532923e-01
4.325520684209532285e-01
4.331195732635399476e-01
4.352760908907560289e-01
4.364678506940226077e-01
4.387946197613299959e-01
4.414051414232885717e-01
4.421996481065061380e-01
4.451506725556260147e-01
4.442426651643506808e-01
4.453776742034491476e-01
4.447534193780729450e-01
4.443561660364641619e-01
4.452641733600876672e-01
4.456614266408098213e-01
4.470801884707497620e-01
4.498609613157226739e-01
4.536632426879265156e-01
4.572385222161169938e-01
4.650133365190067813e-01
4.744906643856181550e-01
4.824924804970041059e-01
4.904942964798515992e-01
5.002553772015736477e-01
5.086544465649297520e-01
5.183020256974290030e-01
5.244878270871509152e-01
5.358379203685600389e-01
5.422507238661374851e-01
5.475285167584766910e-01
5.576301001608083840e-01
5.591623630590522032e-01
5.660859203779713411e-01
5.706827084300101216e-01
5.757334998419644245e-01
5.768685089419495204e-01
5.837920661898342578e-01
5.894103626151961928e-01
5.919073834693104885e-01
5.948584076867229342e-01
5.968446742053415965e-01
5.992849440737281208e-01
6.114862948667920683e-01
6.157993303174146282e-01
6.183531015889813798e-01
6.211338741954816056e-01
6.236308951273955570e-01
6.255036606419797085e-01
6.274331760361844257e-01
6.295329438835665092e-01
6.321434652952132582e-01
6.330514729114309347e-01
6.357754953879989346e-01
6.371942565650987600e-01
6.391237730112893090e-01
6.414505416151816686e-01
6.438908117474102522e-01
6.461040800745252444e-01
6.486011009320221676e-01
6.495091086226568722e-01
6.524033820403839501e-01
6.535951419400544138e-01
6.559219116602019728e-01
6.577946766538670387e-01
6.590431873464576151e-01
6.600646957062503706e-01
6.609159522115842789e-01
6.624482149136377007e-01
6.655127404564308291e-01
6.655694911884643128e-01
6.671017535691715628e-01
6.674990065826689190e-01
6.701095286437733778e-01
6.681800127895362040e-01
6.740253108847080732e-01
6.707905339305757497e-01
6.726632991914655024e-01
6.743658134976660001e-01
6.761818285406762108e-01
6.773735881122352476e-01
6.789626013535144944e-01
6.816298730980490106e-01
6.825378807210318310e-01
6.835593896693954452e-01
6.856024065276671298e-01
6.873049201133756281e-01
6.884399297410449536e-01
6.905396969322042944e-01
6.925827135232511811e-01
6.940582257638784336e-01
6.955904889293469395e-01
6.959877419428444068e-01
6.983145112063420257e-01
6.992792689694049546e-01
7.003575282574213690e-01
7.016627883696000545e-01
7.024005447841991101e-01
7.031383005459580504e-01
7.045570625078190208e-01
7.052380683290708774e-01
7.064865782977869380e-01
7.077350889261082578e-01
7.094376029718491017e-01
7.099483569893810797e-01
7.110833664208601190e-01
6.678395093275478756e-01
6.766358323538589348e-01
6.829918846593704407e-01
6.917882074962564687e-01
6.947959819822873140e-01
7.012087852126400733e-01
7.055785710705672065e-01
7.086430959605202196e-01
7.124453779212950311e-01
7.142046422356543856e-01
7.200499401312533410e-01
7.220929575104440001e-01
