6.514306221232363470e+00
5.242565293174333618e+00
4.325958347599281772e+00
3.657889674588125306e+00
2.614350872517146041e+00
1.876788199059532092e+00
1.401083393187847914e+00
1.046898340865666022e+00
8.262724754089300072e-01
6.890214772211166183e-01
6.096269554565797444e-01
5.599541866605461937e-01
5.245010452873014595e-01
4.733296977689578355e-01
4.518203580784044271e-01
4.274996830253336988e-01
4.212862340290817742e-01
4.209368453431864276e-01
3.953863633801329436e-01
4.266915663397750080e-01
4.144250681714406470e-01
4.033206407669744364e-01
