1.086775647782757037e+00
1.085374441673722989e+00
1.084223619276451167e+00
1.083226337970558006e+00
1.082337953745185599e+00
1.081576394294679000e+00
1.080861847541787046e+00
1.080192758258886387e+00
1.079547435943320366e+00
1.078905575419248919e+00
1.078281777987895040e+00
1.077621254184366384e+00
1.076980984966638966e+00
1.076328368085743614e+00
1.075657195796233756e+00
1.074961192815841349e+00
1.074246411358455777e+00
1.073494946690762841e+00
1.072687433144946301e+00
1.071863874316952847e+00
1.071007923562764530e+00
1.070080835414280562e+00
1.069150629267371366e+00
1.068155121718042277e+00
1.067123394163720596e+00
1.066037412365194115e+00
1.064863861354699903e+00
1.063679412182380934e+00
1.062246060081849075e+00
1.060840199790756833e+00
1.059293548992222611e+00
1.057694177745007069e+00
1.055985935165557166e+00
1.054174354246732781e+00
1.052248309415082517e+00
1.050238432248830289e+00
1.048064671595922981e+00
1.045744182045888149e+00
1.043315349882965926e+00
1.040604615122186383e+00
1.037439273750123681e+00
1.034145302618546314e+00
1.030575754017248435e+00
1.026873815297119741e+00
1.022972956512039344e+00
1.018923693878765357e+00
1.014612846075219954e+00
1.010325073546404218e+00
1.005693708160368516e+00
1.001002943199166939e+00
9.961554214927450523e-01
9.914682251317473716e-01
9.864107807407408446e-01
9.815687291650981861e-01
9.764169182580402229e-01
9.709609045890895684e-01
9.655796846759744367e-01
9.600666339690633322e-01
9.547387537150640036e-01
9.492011213707169937e-01
9.436612081855144663e-01
9.380972859409040243e-01
9.326749471136257519e-01
9.272665524447547547e-01
9.220905123426169636e-01
9.171098816794628350e-01
9.119410565671892677e-01
9.070192809360914099e-01
9.024187453887322352e-01
8.980811125039716014e-01
8.935646044396832188e-01
8.893179269033435475e-01
8.851104151220977601e-01
8.808699950147085289e-01
8.769046174032816277e-01
8.728180514867051043e-01
8.688800391825608482e-01
8.650660361160411593e-01
8.613397037459992189e-01
8.577054331666744691e-01
8.541419852078282471e-01
8.505875332713648262e-01
8.469920131393150475e-01
8.436325372912732989e-01
8.401582000894353142e-01
8.368131161737331070e-01
8.339282783089454476e-01
8.303216875198174973e-01
8.272480371083488215e-01
8.240035546298845048e-01
8.210362939326935061e-01
8.178390280409288948e-01
8.151059130975292222e-01
8.120817052445991058e-01
8.091738438215234641e-01
8.063020377185908805e-01
8.031932702096175047e-01
8.006498704709704706e-01
7.978808809595869800e-01
7.949046080509303280e-01
7.922648274021084625e-01
7.897097624313628161e-01
7.868250496006872208e-01
7.841665737610400422e-01
7.812547770580769990e-01
7.785079146370526004e-01
7.758050054205201107e-01
7.731152339965556841e-01
7.707295133850914359e-01
7.677792562007443866e-01
7.653123378503350338e-01
7.627315900361089085e-01
7.601008681229163289e-01
7.576053966546896223e-01
7.550706270333552572e-01
7.525358041159093681e-01
7.499776473584398584e-01
7.476428354661206477e-01
7.453327466678311142e-01
7.427931393554672024e-01
7.402927914621556527e-01
7.378496944204131491e-01
7.355169168253855583e-01
7.332665064698701274e-01
7.310534597769151599e-01
7.288080853052303354e-01
7.266000346153522749e-01
7.243189237613113507e-01
7.219861061840523453e-01
7.197717808478333312e-01
7.175023893507376238e-01
7.153479932223307802e-01
7.131959351174886885e-01
7.111273582883728128e-01
7.095787740208343575e-01
