1.097069071685609520e+00
1.096270264801768812e+00
1.095480885660463644e+00
1.094688401009261014e+00
1.093874513477156363e+00
1.093050295700043861e+00
1.092210463576146040e+00
1.091358206747176318e+00
1.090477191199712870e+00
1.089566279442652164e+00
1.088628218918286095e+00
1.087654722608940139e+00
1.086663624402931516e+00
1.085657455256696879e+00
1.084599984320654631e+00
1.083394310381171621e+00
1.082153600783456682e+00
1.080865756356278462e+00
1.079499143557220764e+00
1.078098730489998047e+00
1.076683540551523599e+00
1.075236077327867967e+00
1.073749518138746195e+00
1.072220616765220180e+00
1.070687223628149054e+00
1.069127120858565760e+00
1.067505532418901559e+00
1.065879719893687794e+00
1.064242818827634718e+00
1.062581086096512806e+00
1.060942043660616729e+00
1.059262130454087014e+00
1.057583288257207599e+00
1.055857037301840551e+00
1.054083119665383705e+00
1.052245460028248258e+00
1.050352487964044457e+00
1.048378716971815949e+00
1.046303039240881638e+00
1.044126082952308909e+00
1.041856525704847325e+00
1.039489212056969647e+00
1.036953463253196484e+00
1.034283280325263288e+00
1.031454972502092060e+00
1.028476834987228861e+00
1.025316228316432543e+00
1.022031289800112708e+00
1.018604971346252608e+00
1.014994400251561846e+00
1.011214966901442969e+00
1.007278475092472370e+00
1.003185172771989375e+00
9.989309221815625417e-01
9.945630686053501535e-01
9.900262905577039696e-01
9.853180184732885927e-01
9.805044969867803273e-01
9.755809153799341882e-01
9.704920940600502144e-01
9.653153442834510045e-01
9.600729394646387860e-01
9.547408764569755846e-01
9.492540318195628046e-01
9.437243690028525034e-01
9.381249192001721582e-01
9.324743888054902730e-01
9.267561449094525727e-01
9.208867066456263295e-01
9.149791208070425785e-01
9.089613742430846521e-01
9.028240392856339280e-01
8.965751286850811574e-01
8.902645659774151010e-01
8.839978751601239582e-01
8.775885035147238389e-01
8.711925538266384050e-01
8.646807948473153038e-01
8.582588315591876960e-01
8.517426012437897542e-01
8.453243382908917081e-01
8.388258604110082617e-01
8.323367979542620754e-01
8.260495277987077722e-01
8.197235648521506990e-01
8.135022079658443817e-01
8.074678660934192509e-01
8.015636278229805178e-01
7.957650150074793149e-01
7.901664283068454697e-01
7.847011404413348767e-01
7.794335234362058662e-01
7.743333796895759402e-01
7.692241546352837078e-01
7.644029886374428262e-01
7.597484672206882284e-01
7.553656406708644244e-01
7.506684939129710799e-01
7.462465445094614847e-01
7.422024885267670680e-01
7.378350355305700603e-01
7.335830704117665135e-01
7.295802247374750804e-01
7.257955610924617940e-01
7.223009031176547134e-01
7.182134083076270326e-01
7.148892573395378980e-01
7.109141806882069980e-01
7.076281596106870353e-01
7.037723541672441518e-01
7.004286385436285789e-01
6.971975775252378105e-01
6.938109362168017880e-01
6.908183275087149688e-01
6.875717554275878607e-01
6.842110889682258001e-01
6.811497285264445090e-01
6.783010413742628364e-01
6.748065408015858635e-01
6.715112666111989759e-01
6.685361436449651640e-01
6.653441275554998757e-01
6.622312010690983852e-01
6.592152733435040490e-01
6.562853542205512314e-01
6.531484807216175748e-01
6.500739400323622963e-01
6.471956546667464449e-01
6.444175088759428460e-01
6.410916679110201244e-01
6.380555201561792789e-01
6.350813981528909968e-01
6.321885833559739432e-01
6.294204950752082528e-01
6.265135208280827595e-01
6.245275246766197608e-01
6.209743613417698649e-01
6.180953103637770729e-01
6.151393200149534168e-01
6.124919505491679406e-01
6.095165745042034899e-01
6.070657537071573184e-01
6.039906962999900264e-01
6.015226750995966709e-01
5.984871870448102982e-01
5.957666324010454373e-01
5.930445574955057753e-01
5.903880318314823628e-01
5.875584688064060535e-01
5.850117651621049575e-01
5.821815341868334936e-01
5.794999182044996422e-01
5.773584624944470001e-01
5.743401490845736479e-01
5.717989331165539424e-01
5.690235805412703352e-01
5.664846911873343549e-01
5.639224417918210497e-01
5.607892280167235954e-01
5.583657778139505812e-01
5.556287736175861136e-01
5.530324870371993162e-01
5.502820439029109112e-01
5.479907175379831186e-01
5.449080970655213463e-01
5.422982363619414103e-01
5.395223599145647642e-01
5.368161281069429025e-01
5.340779229180847576e-01
5.314032792382056281e-01
5.287458196440523173e-01
5.357854415891281086e-01
5.316937501331333582e-01
5.259259197729669877e-01
5.223307604315088337e-01
5.193375394050179228e-01
5.166728139518981244e-01
5.141783270698001562e-01
5.117473507277926492e-01
5.093725303753598999e-01
5.069935034490539172e-01
5.046090326577916674e-01
5.022768512073071401e-01
4.998633620751972151e-01
4.974052228097389228e-01
4.949601316998653022e-01
4.924775403603732782e-01
4.899756140720694653e-01
4.874821938529917409e-01
4.849965697411585119e-01
4.825708607029788877e-01
4.801156651732884084e-01
4.777230802858114522e-01
4.753584396547562707e-01
4.730489364219546689e-01
4.707408302298848324e-01
4.684259602027829317e-01
4.661109005678972794e-01
4.638021112124269263e-01
4.615668122732276002e-01
4.592197342483432254e-01
4.569489690131885440e-01
4.555929835183241128e-01
4.528957973354067468e-01
4.502395963781801735e-01
4.478664367750035957e-01
4.455897485544851877e-01
4.432477425259782611e-01
4.409585666249906666e-01
4.386967009018095665e-01
4.363722741641059555e-01
4.340506948445686519e-01
4.317025110860409631e-01
