1.098566098669439661e+00
1.098324370779302894e+00
1.098075705552559844e+00
1.097820427359439188e+00
1.097552721626634975e+00
1.097261426208116841e+00
1.096934142715374483e+00
1.096542959241399995e+00
1.096091848978166361e+00
1.095574224842886135e+00
1.095002591647163293e+00
1.094324492940052407e+00
1.093599425630789712e+00
1.092805115557320406e+00
1.090523737600324505e+00
1.087948540940091746e+00
1.086229067980975849e+00
1.085230361359268647e+00
1.084568089818069625e+00
1.084038041255090068e+00
1.083551279052514360e+00
1.083044897108909943e+00
1.082542548824483752e+00
1.082038714209058172e+00
1.081523677959228991e+00
1.081004746506456504e+00
1.080429957589647882e+00
1.079869959466837948e+00
1.079273783114040208e+00
1.078692005113740526e+00
1.078062586613609541e+00
1.077445651648581970e+00
1.076783763070861877e+00
1.076118960201141617e+00
1.075428270345161419e+00
1.074743292224940916e+00
1.074053781147976228e+00
1.073312033434392188e+00
1.072563640071831470e+00
1.071805083801064207e+00
1.071028742161872049e+00
1.070241449490949792e+00
1.069406973822461415e+00
1.068582676297371803e+00
1.067746005942633358e+00
1.066885899877745736e+00
1.066029323452373223e+00
1.065111788168484397e+00
1.064174466577996192e+00
1.063245915181317169e+00
1.062255572774787549e+00
1.061278051195089889e+00
1.060231336839122962e+00
1.059183598058555553e+00
1.058035711331262174e+00
1.056849182886715033e+00
1.055646479349659606e+00
1.054334970305600638e+00
1.052964957785602396e+00
1.051422092120484209e+00
1.049843848668299717e+00
1.048104140207963830e+00
1.046201336053002029e+00
1.044161748800866985e+00
1.041924542536713183e+00
1.039465419442826333e+00
1.036765247662880141e+00
1.033744184913081066e+00
1.030488986384752836e+00
1.026912405003646667e+00
1.022957449995506085e+00
1.018789223236147734e+00
1.014375645770272172e+00
1.009540141843165095e+00
1.005185192799393556e+00
1.002744991360833282e+00
1.056204758872442362e+00
1.033455235517956483e+00
1.025728916385835188e+00
1.021979194880546560e+00
1.018285587165312478e+00
1.014829490114561361e+00
1.011115158438364636e+00
1.006735638496885299e+00
1.006187987201743184e+00
