1.098974784206271149e+00
1.098299637520585792e+00
1.097699041020470334e+00
1.097159004740463129e+00
1.096649010973900440e+00
1.096151675358579602e+00
1.095661623849614852e+00
1.095174269247025212e+00
1.094695956243856294e+00
1.094220462813360273e+00
1.093749054815988275e+00
1.093276063901098993e+00
1.092808932947128886e+00
1.092342555702195961e+00
1.091875375619467015e+00
1.091408247567760226e+00
1.090942766736634928e+00
1.090471809571057715e+00
1.090000027993515364e+00
1.089518714929356369e+00
1.089034181543379054e+00
1.088543718515098124e+00
1.088045640420943538e+00
1.087543167163291802e+00
1.087035952987170706e+00
1.086520909945097868e+00
1.085996475408339768e+00
1.085464059078668386e+00
1.084928989924554221e+00
1.084380704322472022e+00
1.083822031884626114e+00
1.083187189710227427e+00
1.082330376050182785e+00
1.081382646699219796e+00
1.080490006544581716e+00
1.079583954955871006e+00
1.078693718815775249e+00
1.077792271610610975e+00
1.076906153349456607e+00
1.076031792935756348e+00
1.075151301507315083e+00
1.074278612114109910e+00
1.073393193954683023e+00
1.072509018336121223e+00
1.071630171110989904e+00
1.070742909053581382e+00
1.069855493291215431e+00
1.068959242639595297e+00
1.068062469898507727e+00
1.067160158102956613e+00
1.066238149734193064e+00
1.065314074277295964e+00
1.064377210594983802e+00
1.063424296299530836e+00
1.062466116824517304e+00
1.061478637950819870e+00
1.060488947910886548e+00
1.059483030950378435e+00
1.058465006226856353e+00
1.057435014936454643e+00
1.056423592321191096e+00
1.055405296489725808e+00
1.054371536126452513e+00
1.053332228103402990e+00
1.052294010296358273e+00
1.051252434719272433e+00
1.050215379867480037e+00
1.049147462244100382e+00
1.048118280407843939e+00
1.047077545837717061e+00
1.046013274275886529e+00
1.044954734569469634e+00
1.043893830945750167e+00
1.042826674398692033e+00
1.041759482699743167e+00
1.040664338313263437e+00
1.039606917067490421e+00
1.038528334369900774e+00
1.037405016791515422e+00
1.036327304502369984e+00
1.035244054511797573e+00
1.034129420857607728e+00
1.032989335414615129e+00
1.031861971850887905e+00
1.030690907464585582e+00
1.029525464806665846e+00
1.028344371790891554e+00
1.027136077154819915e+00
1.025927774691431482e+00
1.024670716704281004e+00
1.023396077413684990e+00
1.022096241659057547e+00
1.020779963188048090e+00
1.019471648906945749e+00
1.018144286732202586e+00
1.016779845468938737e+00
1.015380187308190907e+00
1.013954180768937841e+00
1.012518663302458766e+00
1.011048568945102533e+00
1.009533279143439932e+00
1.007978751912952387e+00
1.006390259090140127e+00
1.004754817331563244e+00
1.003078867483812919e+00
1.001360648904632278e+00
9.995857689783985700e-01
9.976694741115674780e-01
9.957585971922766621e-01
9.936997621454910501e-01
9.916452346936737161e-01
9.894270855644005103e-01
9.872827675291009353e-01
9.847260035536804512e-01
9.821787171768118219e-01
9.795346443779344714e-01
9.769478091438067446e-01
9.753808313584829692e-01
1.053907439099978527e+00
1.043939950023577756e+00
1.036980050375009510e+00
9.899564956226438728e-01
9.718276055065769858e-01
9.691483713692808921e-01
9.668248613037253580e-01
9.646976567763799748e-01
9.623930644863181172e-01
9.600818201237386607e-01
9.577658055291518036e-01
9.553984274293756407e-01
9.529933333227782466e-01
9.505694935706205939e-01
9.480032451333701982e-01
9.781199442150305678e-01
9.443683308874747384e-01
9.415515442893342968e-01
9.395218629124256760e-01
9.370822535390027630e-01
9.344968564677715861e-01
9.319117125733662466e-01
9.293968446422100627e-01
9.267464252932443580e-01
9.241078895023627782e-01
9.214748970719838228e-01
9.186725311311498832e-01
9.158233930930519406e-01
9.130057929681261175e-01
9.129735672185034234e-01
9.086401304418779690e-01
9.059878318806754427e-01
9.033877703586208341e-01
9.007655240155181264e-01
8.981240329829838220e-01
8.954239267170696071e-01
8.927028006690360673e-01
8.899737630574536817e-01
8.870814119901527794e-01
8.841987943569462605e-01
8.812785912003854305e-01
8.782706004957234747e-01
8.753210802224645759e-01
8.723188261900266527e-01
8.693049975755597902e-01
8.662271113950706924e-01
8.631207535326544944e-01
8.599425638332911515e-01
8.566697130043047226e-01
8.534002735526693417e-01
8.499334768035018417e-01
9.415508758791065747e-01
8.669597318383392981e-01
8.431231937027702239e-01
8.831304397737794742e-01
8.776023463239248645e-01
8.376364635999056230e-01
8.345361283097294525e-01
8.318357725438665362e-01
8.291744559429931050e-01
8.265381956112640705e-01
8.239584422383471329e-01
8.212633975673415687e-01
8.186045249700072413e-01
8.159339590143260823e-01
8.131956488670363248e-01
8.105001593040666030e-01
8.077601518298676009e-01
8.048933928308216190e-01
8.020829855330204872e-01
7.992570639116648445e-01
7.963578003765702240e-01
7.934485914372848558e-01
7.905044691847196159e-01
7.875102730704168774e-01
7.844718135815123006e-01
7.813947989460180432e-01
7.797013505634536878e-01
7.835504176241742114e-01
7.753667013848533074e-01
7.728907631242000198e-01
7.705157445823488382e-01
7.682385318267495045e-01
7.659910878652909094e-01
7.637309681766454306e-01
7.614868172187484463e-01
7.592677551990645313e-01
7.570453407233909138e-01
7.548207505242751081e-01
7.525727388591029188e-01
7.503712845609039617e-01
7.480876382921713974e-01
7.458500319486254249e-01
7.436483488925286212e-01
7.411632715157243645e-01
7.388916779786245392e-01
7.365708678265677767e-01
7.342391077996274218e-01
7.318621540162939532e-01
7.295321092981194022e-01
7.271868867058535191e-01
7.248128164667634321e-01
7.224455036171772981e-01
7.200561481168636924e-01
7.176576054033305674e-01
7.152114991845137659e-01
7.127890678419779302e-01
7.103274758520613519e-01
7.078209495166936094e-01
7.052916149689603120e-01
7.027687606310358825e-01
7.003021674119386253e-01
6.977129481780623976e-01
6.952311549559603288e-01
6.924536882914341662e-01
6.898372349305561535e-01
6.872410368827366334e-01
6.846786123231052290e-01
6.820222782625945390e-01
6.794358103068690591e-01
6.768822422174256559e-01
6.740226061983727313e-01
6.713028587322691365e-01
6.686634614156287126e-01
6.661052285261723771e-01
6.634718043722580560e-01
6.608205846717006837e-01
6.581564968218563960e-01
6.553597795618939514e-01
6.527715024981405323e-01
6.499479386039451745e-01
6.471424320825051035e-01
6.444292138230481859e-01
6.417338861712031939e-01
6.391224002880079302e-01
6.363726406536878155e-01
6.337676651496350066e-01
6.310791214338720145e-01
6.281832037891569298e-01
6.253949028024553547e-01
6.227567141331132872e-01
6.200354805592612761e-01
6.185701634324941578e-01
6.153754370957130737e-01
6.126772638793619441e-01
6.101379213224346065e-01
6.076044282065665714e-01
6.050714779594253967e-01
6.039325782771169937e-01
6.000273042596243611e-01
5.973948445366673576e-01
5.949669879097503333e-01
5.925271370463551790e-01
5.900269229243896296e-01
5.877643086523144378e-01
5.853459947591309609e-01
5.830337083824754796e-01
6.093309446209493885e-01
5.784833708616399228e-01
5.858794682467405313e-01
5.763370020490629075e-01
5.734510544642479335e-01
5.713996768816328453e-01
5.693685661974522416e-01
5.674163687513971155e-01
5.654970049641607766e-01
5.635016468886274721e-01
5.615842144934842795e-01
5.596855377732851133e-01
5.577626011237797332e-01
5.558213445515322038e-01
5.538575806247546529e-01
5.519569623951311454e-01
5.499438023088224492e-01
5.481906847653151837e-01
5.461308170708494281e-01
5.442572149635883649e-01
5.423307676542888922e-01
5.404012803694195899e-01
5.386443914697914837e-01
5.365860226861830506e-01
5.347205794166742798e-01
5.328307101732079332e-01
5.308480730974662887e-01
5.291924848302689277e-01
5.274283516306211839e-01
5.253707588642411164e-01
5.232460787750780051e-01
5.212480195040437581e-01
5.193203366592261672e-01
5.174313742648620762e-01
