3.021394924749196131e-01
3.090630499223772087e-01
3.272799499192104444e-01
3.402758072314363558e-01
3.545201746865817016e-01
3.637705011945814859e-01
3.758583507265340073e-01
3.831791611841064427e-01
3.913512285427759863e-01
3.973667781034085911e-01
4.021338174636177043e-01
4.063333521774303292e-01
4.099086317377554356e-01
4.125759038746705243e-01
4.134271606658334597e-01
4.163781849475150509e-01
4.183644515693028532e-01
4.206912208294179556e-01
4.219397311617625879e-01
4.234152430100092124e-01
4.246070028741624758e-01
4.254015094609761571e-01
4.267067703223987318e-01
4.282957836025777509e-01
4.282957835636779786e-01
4.298847966764187123e-01
4.309063048400211260e-01
4.321548153042867879e-01
4.327223198221447076e-01
4.333465752648438807e-01
4.332898246359794259e-01
4.340843311551412786e-01
4.341978322589622463e-01
4.345950855007845726e-01
4.347653368410894226e-01
4.352193404580818603e-01
4.359003461085128595e-01
4.362408488178745603e-01
4.370921059117794383e-01
4.380568639674364273e-01
4.379433629955364893e-01
4.391918731672080356e-01
4.402133815946525641e-01
4.404403837278775269e-01
4.416321433281886200e-01
4.415186424915923391e-01
4.431644062653321559e-01
4.434481582815602008e-01
4.452074228597616701e-01
4.457181770379667340e-01
4.477611940535288770e-01
4.491799557295609313e-01
4.504284659976363070e-01
4.516202256977338014e-01
4.534929914118909222e-01
4.566710174665515320e-01
4.579762784311431911e-01
4.593950400716580451e-01
4.641620792999460177e-01
4.650700869871981502e-01
4.689291185282340457e-01
4.722773961904242479e-01
4.756824244747137054e-01
4.781794449787297729e-01
4.820384769442809247e-01
4.855002553466635229e-01
4.920833099207037598e-01
4.959990916982234821e-01
5.003121274093055293e-01
5.047386643239949455e-01
5.103002099750409970e-01
5.146699958008336129e-01
5.185290278983057943e-01
5.218773053896751390e-01
5.255660861502250425e-01
5.298791212761188030e-01
5.329436465584523885e-01
5.345894100040807784e-01
5.358379206324020982e-01
5.369729301958022782e-01
5.386186933133193522e-01
5.397537026771466184e-01
5.419669712004518969e-01
5.428749786272444311e-01
5.446909939340968121e-01
5.459395040990031589e-01
5.483797743022661431e-01
5.502525394853564622e-01
5.522388062001655218e-01
5.543385730023268065e-01
5.571760968042754891e-01
5.587083590530617094e-01
5.608081265080632205e-01
5.622836384848483027e-01
5.643266553397373597e-01
5.663129221221983034e-01
5.694909484660705123e-01
5.700584527589860340e-01
5.724419723519889036e-01
5.739742354565706695e-01
5.753929966370531224e-01
5.735769821149618863e-01
5.695476988243276528e-01
5.743147377414171695e-01
5.761875035841127479e-01
5.812950458532564202e-01
5.820895520155549008e-01
5.784575224436883101e-01
5.799330342885523626e-01
5.803302878297340595e-01
5.825435560215453945e-01
5.811815445955275106e-01
5.846433235441986787e-01
5.839623173982180226e-01
5.819760512110933037e-01
5.882753531803345259e-01
5.855513310995297260e-01
5.871403437556206306e-01
5.870835933483159463e-01
5.875375974185755856e-01
5.920208844699624828e-01
5.958799157860560358e-01
5.871403439450457729e-01
5.929288918324857605e-01
5.948584076224536776e-01
5.944611542098104939e-01
5.933261449136350008e-01
5.971284265429158689e-01
5.984904373228586705e-01
5.965609212758139490e-01
5.999091992238331228e-01
5.980931843770131984e-01
6.023494695522519926e-01
5.997389475554169014e-01
6.005334542420169841e-01
6.056409965111606564e-01
6.020089662898365779e-01
6.122808011610116896e-01
6.114862946097151530e-01
6.100107826261648158e-01
6.181260995809123582e-01
6.219283810140028290e-01
6.195448611571579001e-01
6.153453264433452752e-01
6.165370864039023679e-01
6.160830823979118742e-01
6.210771235953691516e-01
6.219283808854643159e-01
6.178990979686064255e-01
6.247091535021123132e-01
6.213041259992014842e-01
6.264116680011204696e-01
6.277736791734439548e-01
6.276034275726795064e-01
6.257874129829366083e-01
6.306679526554401782e-01
6.274899266396793962e-01
6.318029622188403582e-01
6.272061744915302661e-01
6.348107369044441173e-01
6.355484933866950570e-01
6.348674876973642300e-01
6.362294985449589158e-01
6.358889963886509289e-01
6.373077574372122411e-01
6.386697692623758416e-01
6.390670226039846247e-01
6.450258215678874585e-01
6.423017990980846026e-01
6.412802904744497878e-01
6.427558025797733832e-01
6.425855510432781914e-01
6.447988192418546705e-01
6.432665569440209064e-01
6.478065944483775151e-01
6.518926280262345996e-01
6.510981216000939487e-01
6.549571537009487576e-01
6.522331310315730990e-01
6.564894160816560076e-01
6.541626467538890211e-01
6.594971909634500529e-01
6.599511948375194059e-01
6.611997045491584402e-01
6.583054311111359302e-01
6.634129730014293180e-01
6.639237275466455257e-01
6.613132056817314641e-01
6.638102264783417583e-01
6.681232623213448907e-01
6.653992396553517485e-01
6.663072466863810828e-01
6.716417912849401706e-01
6.687475170114174361e-01
6.698257757785148758e-01
6.745360648379707946e-01
6.752738212491873337e-01
6.725497987726193339e-01
6.787923503413210158e-01
6.760115773999442190e-01
6.804381136584110035e-01
6.790761024218182618e-01
6.791896034258528836e-01
6.819703763638470528e-01
6.871914189774199766e-01
6.855456555994433598e-01
6.845808980325708282e-01
6.849781513809447553e-01
6.886101808208903163e-01
6.862834120140424154e-01
6.890074340948472154e-01
6.901991939911350515e-01
6.919017079083374933e-01
6.952499858563566670e-01
6.934907211462341126e-01
6.948527327752074267e-01
6.971227511747505323e-01
6.964984961565666710e-01
6.991657683611335328e-01
7.002440266681985159e-01
6.999602748481608128e-01
7.035923047447562029e-01
7.029680494018434311e-01
7.011520342235295633e-01
7.042165595058631489e-01
7.045570625112016483e-01
7.050110661281940860e-01
7.066568296347091049e-01
7.073945859241523859e-01
7.092106007033204262e-01
7.101753585983043848e-01
7.104023609311023169e-01
7.117643717753143751e-01
7.134101353562464221e-01
7.146018957058015708e-01
7.152261505311777734e-01
7.171556661858420334e-01
7.183474264778930696e-01
7.192554338370337197e-01
7.202201920601291052e-01
7.218659557019477813e-01
7.207309458814706860e-01
7.209011971541237074e-01
7.226037111355954057e-01
7.252142327366672969e-01
7.276545034574668502e-01
7.281085066820786045e-01
7.314567843662556079e-01
7.328755461386915471e-01
7.330457974147271960e-01
7.332160491474126740e-01
7.299812721966628670e-01
7.350888146619968255e-01
7.353725668710325847e-01
7.365643265745127621e-01
7.393450997086972176e-01
7.377560867989119142e-01
7.389478464990094642e-01
7.394018499840808722e-01
7.406503604128292784e-01
7.421258723929969880e-01
7.426366265390674792e-01
7.436013846945108696e-01
7.449066456624851007e-01
7.454741499486355893e-01
7.463254070357752123e-01
7.465524087157330291e-01
7.479711710057054264e-01
7.485954259630026586e-01
7.501844390047089917e-01
7.512626980965351198e-01
7.516599512453362442e-01
7.528517112058933369e-01
7.535327163032705666e-01
7.535894673600328497e-01
7.545542251873649242e-01
7.552919808814720914e-01
7.558027356871478419e-01
7.567107431105578597e-01
7.571079959955167027e-01
7.581295044195787147e-01
7.590375119140230220e-01
7.597185175965885939e-01
7.608535272208754030e-01
7.615345328391718294e-01
7.625560413342681310e-01
7.634072982252174677e-01
7.637478012339385947e-01
7.645423074605063318e-01
7.655070656159497222e-01
7.670960784648483965e-01
7.682878381649459465e-01
7.694795983183106980e-01
7.710686109710189751e-01
7.719198679938894525e-01
7.729981272886711219e-01
7.737358830436649182e-01
7.748141422674121870e-01
7.756653994864729507e-01
7.764599057773098334e-01
7.778786671573650890e-01
7.786731741044248256e-01
7.798081836644423781e-01
7.811701947724966066e-01
7.824754556728189536e-01
7.834402133039607419e-01
7.841212189188745407e-01
7.849157256697439911e-01
