2.969184494655834894e-01
2.970319504019662271e-01
2.998694739755900507e-01
3.074172863448277337e-01
3.155326030357329947e-01
3.273934511126700975e-01
3.399353046218610563e-01
3.533284148190458662e-01
3.702400543755891005e-01
3.814198967378260585e-01
3.895919642893033163e-01
3.966290221522245640e-01
4.044605867271153787e-01
4.067873560159825375e-01
4.110436412368863590e-01
4.142784176633344528e-01
4.176834460474103672e-01
4.185347027743040460e-01
4.198967141428178174e-01
4.212019747826806770e-01
4.194994608976129191e-01
4.202939673237535145e-01
4.198967141073006171e-01
4.198399636103572474e-01
4.183077010977289123e-01
4.177401964800845358e-01
4.170024401652718815e-01
4.169456898966534264e-01
4.160944328061311759e-01
4.163214345791101390e-01
4.157539299327137616e-01
4.156971793326013076e-01
4.151864251188790433e-01
4.149594233459000248e-01
4.154134271844522330e-01
4.156971794966570211e-01
4.165484364197409861e-01
4.167754384886967478e-01
4.174564438465335758e-01
4.183644515016510246e-01
4.189887065874867700e-01
4.194427104294215503e-01
4.207479710980364662e-01
4.228477386206897504e-01
4.240394983563045006e-01
4.258555134314493951e-01
4.277850290894961716e-01
4.302820496611640677e-01
4.325520685173570579e-01
4.355030929952289909e-01
4.374326086820278237e-01
4.404403836602256983e-01
4.442994156004074213e-01
4.463991826207459046e-01
4.504852165300968769e-01
4.546847511475056725e-01
4.592247885030282251e-01
4.621190627122817030e-01
4.648998353898163294e-01
4.691561206360895797e-01
4.734124058180936290e-01
4.776686908969285938e-01
4.821519779838326913e-01
4.858407582200809371e-01
4.881675275089480959e-01
4.901537937282074986e-01
4.940695759725248770e-01
4.980421089454931671e-01
5.001986265727091929e-01
5.034901538275947663e-01
5.065546787209302959e-01
5.083706940920519335e-01
5.130242320947455692e-01
5.146699956689125832e-01
5.177912720113909684e-01
5.201747913760688125e-01
5.219908065543827913e-01
5.235230687101476432e-01
5.257363373586088073e-01
5.285738607715595450e-01
5.324896429448424673e-01
5.354406674869837124e-01
5.361216731018974002e-01
5.383349415609334221e-01
5.406617106282408658e-01
5.422507232132973698e-01
5.452017479127290178e-01
5.469610120731803748e-01
5.478690197570499354e-01
5.509335454317640934e-01
5.536008171762986096e-01
5.575733496892344432e-01
5.631348960320204933e-01
5.653481640563934318e-01
5.529198112332734949e-01
5.566085917333638555e-01
5.645536578687255780e-01
5.681856873086711390e-01
5.709097101065853108e-01
5.729527265690936844e-01
5.757902505706153917e-01
5.779467682299660458e-01
5.793655294747176443e-01
5.815787982618650931e-01
5.828273084978058405e-01
5.847000736166269030e-01
5.853810791740365893e-01
5.878213492386132888e-01
5.891833606003619161e-01
5.915101299281287917e-01
5.929288918324857605e-01
5.946314054858460318e-01
5.963906699997783001e-01
5.984904375190490677e-01
5.937233981943571548e-01
5.994551952854945132e-01
6.018387149461491559e-01
6.034844788518100023e-01
6.056977468508135676e-01
6.071732591523274492e-01
6.089892743982932011e-01
6.104080357783485677e-01
6.122240505000126065e-01
6.147778216937798135e-01
6.169343396169726379e-01
6.185233529259036578e-01
6.194881104927761895e-01
6.214176266040902785e-01
6.237443959352397815e-01
6.260144146595116865e-01
6.286816864716979758e-01
6.306679529192823486e-01
6.321434654880210280e-01
6.339594802063024392e-01
6.358322452642367617e-01
6.373645079696728111e-01
6.392372736838299874e-01
6.407695365854563230e-01
6.434935589301031822e-01
6.461608308031762116e-01
6.484308494665614875e-01
6.513251236724323379e-01
6.537653934765494945e-01
6.555814087867845030e-01
6.579081773940594902e-01
6.605754495275919513e-01
6.626184665786712946e-01
6.644912320289863006e-01
6.664774982228762745e-01
6.685772660059891015e-01
6.705067819211129043e-01
6.716985418241658845e-01
6.749900686477710021e-01
6.770330856345810888e-01
6.801543613174542147e-01
6.824811304490308039e-01
6.847511490447643068e-01
6.865671642873474312e-01
6.887236820211151134e-01
6.917882074928738412e-01
6.938312244120321548e-01
6.967822481727946604e-01
6.996197718428223133e-01
7.020600418431298673e-01
