1.096403220029865233e+00
1.095256501318180975e+00
1.093400297712355584e+00
1.091344435648915256e+00
1.089998541087475292e+00
1.088982083058561479e+00
1.088242712089066977e+00
1.087633485204414052e+00
1.087006513569494404e+00
1.086438040093080426e+00
1.085895734797757584e+00
1.085337222559444870e+00
1.084821728042884903e+00
1.084359245757348766e+00
1.083969882293494669e+00
1.083548959271265488e+00
1.083195086863936396e+00
1.082811867931658956e+00
1.082456988012687082e+00
1.082056116904907217e+00
1.081676039683021173e+00
1.081298412891598115e+00
1.080877676757549199e+00
1.080469503980997725e+00
1.080010591317208224e+00
1.079590692164834165e+00
1.079112286634257289e+00
1.078645620083038992e+00
1.078129748062502724e+00
1.077616652763970340e+00
1.077087772987830760e+00
1.076520251507967707e+00
1.075951092901176187e+00
1.075376880743278862e+00
1.074773600028271714e+00
1.074164532240427183e+00
1.073488847140888103e+00
1.072864081280353599e+00
1.072146661361008890e+00
1.071506774213756286e+00
1.070725256648062951e+00
1.069959274723015552e+00
1.069127660584865191e+00
1.068307997311604529e+00
1.067703431367427624e+00
1.066724385619062021e+00
1.065913383863711150e+00
1.065064793168588597e+00
1.064224051073456634e+00
1.063371893827980585e+00
1.062490892426514844e+00
1.061702474374166538e+00
1.060807387151361469e+00
1.060279713945609048e+00
1.059016052179199585e+00
1.058151699399225709e+00
1.057209349978857071e+00
1.056290272686512655e+00
1.055205583159711580e+00
1.054113569639034909e+00
1.053187709898948832e+00
1.052059606082133225e+00
1.051122055611973805e+00
1.050093066157226307e+00
1.048810938140549265e+00
1.047688461251158998e+00
1.046581342842567874e+00
1.045273727134261588e+00
1.044059197867906352e+00
1.042885187515017131e+00
1.041544708448738810e+00
1.040259929772477721e+00
1.039352509661664259e+00
1.037807009174255279e+00
1.036218837139507798e+00
1.034752249467400631e+00
1.033295170199105995e+00
1.031916601934834032e+00
1.030299800024502943e+00
1.028768852291363611e+00
1.027137581000878264e+00
1.025501113190674385e+00
1.023792652467899078e+00
1.022037288217266804e+00
1.020216747476553776e+00
1.018378286239650432e+00
1.016458074646446441e+00
1.014540523481750611e+00
1.012482683725304478e+00
1.011485093500860355e+00
1.009047517690706774e+00
1.006278733012151427e+00
1.004057172644213347e+00
1.001821308041003222e+00
9.998396270615134140e-01
9.971854741298261660e-01
9.947484465193636716e-01
9.922415211904157539e-01
9.896837851393811558e-01
9.870332474572171000e-01
9.843358807487740947e-01
9.815952144201683938e-01
9.787632087107637213e-01
9.758624049160132818e-01
9.728221653112724132e-01
9.696962040153008777e-01
9.666366887839467070e-01
9.632588828078842980e-01
9.598972475438740659e-01
9.581006110360582584e-01
9.530611244444611163e-01
9.494255452182857047e-01
9.458775132138507180e-01
9.421278248004546496e-01
9.382855761004498252e-01
9.344494478209092181e-01
9.305497853400508390e-01
9.264324202919633766e-01
9.224320526128729769e-01
9.184120673001079371e-01
9.141463448569557837e-01
9.099467079516714296e-01
9.057426465761173606e-01
9.015587673346372455e-01
8.972694562780526573e-01
8.931434408306337946e-01
8.886585574328416115e-01
8.843557725502841915e-01
8.800099488183078522e-01
8.756068088492688917e-01
8.713997734350010793e-01
8.672006530074646280e-01
8.627265352720056013e-01
8.585014431276749569e-01
8.541835029430594473e-01
8.500857661702794221e-01
8.459616109892023061e-01
8.417155873957465895e-01
8.373853397669759335e-01
8.331240091791461966e-01
8.293533188065053130e-01
