3.292094660339071055e-01
3.531581634821235882e-01
3.740990864409267092e-01
3.886272061338598149e-01
3.968560239285861546e-01
4.039498325776623711e-01
4.070711082317834406e-01
4.065036035211178067e-01
4.069576074273217881e-01
4.055955962905155587e-01
4.052550934170981445e-01
4.047443391035894233e-01
4.043470858550018976e-01
4.042335848577325308e-01
4.040633334210237959e-01
4.040065830103364841e-01
4.040065831777747696e-01
4.038930819809325445e-01
4.039498327417180290e-01
4.038930821771228308e-01
4.038363316412796333e-01
4.038363317410660902e-01
4.038363317055488899e-01
4.038363318087179188e-01
4.038363315161237477e-01
4.037795812407400931e-01
4.038363318087179188e-01
4.038363317410660902e-01
4.037795811730882645e-01
4.037795812086054648e-01
4.037795813016267221e-01
4.037795811764708365e-01
4.037795813371439779e-01
4.038930820807189459e-01
4.039498326453141996e-01
4.039498324812584862e-01
4.039498325489103148e-01
4.040065830171016836e-01
4.039498324491238579e-01
4.040633334531584242e-01
4.042335849220017874e-01
4.041768343540239616e-01
4.042903355508662422e-01
4.044605868590364639e-01
4.044038363587104667e-01
4.047443390038029665e-01
4.048578399723202770e-01
4.050280913768943836e-01
4.052550932530424310e-01
4.054820953186156207e-01
4.055955962905155587e-01
4.058225980347425210e-01
4.063901027775427832e-01
4.067306056509601975e-01
4.075818623846190758e-01
4.082061178273181934e-01
4.085466206009491508e-01
4.092843764591119760e-01
4.100221326809033173e-01
4.109301401009307075e-01
4.117813972235875863e-01
4.132569092003727240e-01
4.139946655828372069e-01
4.145054196967730142e-01
4.153566767839126928e-01
4.170591908973053652e-01
4.185347030026290160e-01
4.200102151434698117e-01
4.216559785924808290e-01
4.229044889603426616e-01
4.243800010622836294e-01
4.271607739072565413e-01
4.281255319662961578e-01
4.311900572520123154e-01
4.332898248000350838e-01
4.356165939637463569e-01
4.378866127235354622e-01
4.397593779100082978e-01
4.421996479813502523e-01
4.445264173378691841e-01
4.481016965447134348e-01
4.512797230560239292e-01
4.547982521836748671e-01
4.579762784023911903e-01
4.611543046532420864e-01
4.635945746247975841e-01
4.668293513759744773e-01
4.718801431701616367e-01
4.758526754260204994e-01
4.796549571195706241e-01
4.839679928340352433e-01
4.887350322940307579e-01
4.928210656756975006e-01
4.982123600862251034e-01
5.017876398461230680e-01
5.064411784373876735e-01
5.114919699677327181e-01
5.159752569616155027e-01
5.207422964216110728e-01
5.246013279947815411e-01
5.288576131767855903e-01
5.326598940889570866e-01
5.359514215011330629e-01
5.392429489200741832e-01
5.443504909287583127e-01
5.424777253752743889e-01
5.467907608005273534e-01
5.474150160757882411e-01
5.438397365797323912e-01
5.412292153067719269e-01
5.463367569230754839e-01
5.513875491130257878e-01
5.567220926663640768e-01
5.534305657074553020e-01
5.601271209540360507e-01
5.539980707851321906e-01
5.455422504969348330e-01
5.469042620616388906e-01
5.485500257677269342e-01
5.513307987767555041e-01
5.520118041345922766e-01
5.516713015216344607e-01
5.525793084207427652e-01
5.501957891490860675e-01
5.504227912180418292e-01
