1.103642498240636760e+00
1.101409505061844651e+00
1.100547704690701956e+00
1.099905381982858588e+00
1.099401159296240937e+00
1.098970911463735378e+00
1.098586358505023064e+00
1.098237072424966820e+00
1.097912415534817665e+00
1.097605195017598678e+00
1.097307929974545182e+00
1.097022922421535318e+00
1.096745044715179418e+00
1.096471455823643915e+00
1.096200838518442966e+00
1.095936223533906961e+00
1.095673370778063482e+00
1.095412558042856199e+00
1.095151335851713537e+00
1.094892104457735993e+00
1.094629016259993648e+00
1.094364519503795652e+00
1.094098144482486656e+00
1.093824617823869305e+00
1.093548130917363803e+00
1.093264725650590075e+00
1.092975264895578613e+00
1.092681278415803536e+00
1.092378742449549245e+00
1.092070645868193024e+00
1.091755504262047483e+00
1.091429480771107574e+00
1.091093070119675268e+00
1.090742809379704914e+00
1.090384557950605515e+00
1.090016693149114424e+00
1.089631608101994331e+00
1.089237553951154513e+00
1.088831840102135740e+00
1.088415812271609218e+00
1.087982813113596681e+00
1.087549789201779582e+00
1.087079239401696373e+00
1.086582182518679884e+00
1.086071435530173046e+00
1.085532772744678187e+00
1.084991046183699570e+00
1.084419165510817740e+00
1.083823643987142704e+00
1.083195360914734451e+00
1.082546032426928484e+00
1.081851073774304561e+00
1.081145035037319957e+00
1.080385940704488679e+00
1.079603861073861415e+00
1.078776707504997212e+00
1.077926461038101857e+00
1.077021588647848027e+00
1.076081376220249020e+00
1.075081833550461941e+00
1.074052812367006338e+00
1.072969616890278255e+00
1.071829699359127641e+00
1.070644306369363807e+00
1.069399555197206420e+00
1.068098125680473576e+00
1.066763764558602334e+00
1.065316055251415372e+00
1.063813626370441634e+00
1.062244935688139824e+00
1.060590737781055948e+00
1.058839429846200053e+00
1.056983149198470695e+00
1.055026968081174354e+00
1.052991763463417385e+00
1.050851145103742112e+00
1.048614626263362437e+00
1.046282130624249351e+00
1.043798342336151652e+00
1.041371070089124329e+00
1.038611741147431822e+00
1.035872606222857373e+00
1.032931551862389385e+00
1.029900294157712004e+00
1.026736135021673268e+00
1.023552043484908136e+00
1.019979420797987535e+00
1.016370192784929127e+00
1.012492081017751566e+00
1.008641132769360960e+00
1.004357053638079700e+00
9.999924760002546487e-01
9.954312977675283669e-01
9.907887105969915842e-01
9.941288892036601599e-01
9.899698742624918335e-01
9.848383486923745211e-01
9.812350724200900043e-01
9.777566966407855720e-01
9.743619605980885501e-01
9.710397998115327667e-01
9.677478790377915807e-01
9.644719265516794593e-01
9.611873925425639120e-01
9.579154884231381173e-01
9.546450418623884104e-01
9.514078910258386701e-01
9.481560000631286123e-01
9.449234490639221162e-01
9.416796324722721545e-01
9.384295008596690302e-01
9.351527745820736870e-01
9.318583731205886123e-01
9.286128573213084936e-01
9.270786098261898367e-01
9.228619069688051013e-01
9.194259598025006364e-01
9.161214080261971260e-01
9.128334777802101785e-01
9.095819050381778181e-01
9.063180561341963593e-01
9.030276035066427953e-01
8.997469044463681787e-01
8.964316769373091853e-01
8.931393763797249585e-01
8.898261470317326838e-01
8.865041163261155877e-01
8.831657385908645574e-01
8.798546503353427140e-01
8.764831793679667138e-01
8.730933935787964506e-01
8.696897047297055261e-01
8.662832999234842957e-01
8.628451759445431302e-01
8.593106360794311449e-01
8.557844748427192449e-01
8.522178011431433831e-01
8.485969271449318452e-01
8.449498000592001734e-01
8.412365486947803728e-01
8.374527344320223943e-01
8.336996400229783610e-01
8.298824964874780274e-01
8.260343814571344812e-01
8.221308594326123265e-01
8.182742567360317132e-01
8.143494158169717334e-01
8.104569807637664880e-01
8.065099757149706283e-01
8.025339585509867479e-01
7.985540599647373838e-01
7.945383528116294336e-01
7.904488170575177941e-01
7.863727203833990043e-01
7.822997038666543723e-01
7.782264254087892796e-01
7.740852464565278757e-01
7.699838976341563113e-01
7.658624194968769450e-01
7.617709444624687354e-01
7.577484419029110185e-01
7.536570731968839088e-01
7.496173314525674813e-01
7.455516283692474877e-01
