3.085522956443857434e-01
3.105953123994883436e-01
3.117303218275848109e-01
3.143408433677700731e-01
3.142840927000058460e-01
3.121275751336763937e-01
3.180863742295002017e-01
3.384597923135819753e-01
3.647920095543741859e-01
3.782418704548404786e-01
3.898757165626082766e-01
4.002043015806285853e-01
4.059360990320118878e-01
4.104761364518036970e-01
4.144486693571201030e-01
4.184779523027301051e-01
4.212587254149277594e-01
4.231882413977033353e-01
4.276715282528998907e-01
4.297712957434186021e-01
4.315305600611605286e-01
4.347085865082017664e-01
4.368651040677660191e-01
4.393053741323427741e-01
4.415186426201308523e-01
4.430509050363553025e-01
4.449804210191308784e-01
4.469666873060421097e-01
4.487827025486252341e-01
4.510527210158202238e-01
4.525849839850983880e-01
4.563305145897515458e-01
4.597922931206726571e-01
4.629703193360063529e-01
4.663753474985224967e-01
4.700641280594995419e-01
4.736961581235332175e-01
4.786334487563952966e-01
4.822087285196758888e-01
4.861245106286896100e-01
4.900402928307245887e-01
4.941263267722101893e-01
4.986096134633510868e-01
5.026388967692070331e-01
5.074059359366084321e-01
5.121162250890857193e-01
5.155780031633568905e-01
5.191532829198722832e-01
5.219340555974069096e-01
5.243743263858582360e-01
5.276091026093508995e-01
5.293116166618569984e-01
5.312978831770931443e-01
5.341354067862341681e-01
5.354406670912205124e-01
5.362919240498216222e-01
5.390159465872763622e-01
5.404914588955553878e-01
5.410022134340064515e-01
5.438964868517335294e-01
5.473582656752487008e-01
5.483230234383116297e-01
5.519550537949394764e-01
5.536575677121418071e-01
5.574030988089621053e-01
5.576301002284602681e-01
5.599001189527321731e-01
5.622268882771165321e-01
5.643834063964996428e-01
5.659724195735096330e-01
5.706827079733602925e-01
5.732932297097358409e-01
5.764145051964186806e-01
5.797627832120896274e-01
5.820895523402837002e-01
5.840758186627121873e-01
5.864593380696724312e-01
5.877078486303419780e-01
5.885591057140990845e-01
5.908858746528680150e-01
5.927586399712618803e-01
5.938368993269301788e-01
5.954259119119866828e-01
5.974121782986843154e-01
6.002497023644752794e-01
6.020089666111827498e-01
6.038817322610705585e-01
6.049032404889422843e-01
6.047897391601788630e-01
6.065490041984128444e-01
6.037682307361169620e-01
6.059814993879607536e-01
6.075705122368593170e-01
6.076840131698594272e-01
6.083082688442661423e-01
6.105215369075389642e-01
6.093865276079809545e-01
6.115430454669045224e-01
6.121105499492452973e-01
6.147778215618586728e-01
6.161965836624059278e-01
6.168775895445444135e-01
6.181828499848344149e-01
6.194313601531233893e-01
6.209068721975602445e-01
6.231201407817522631e-01
6.239713978688918861e-01
6.250496569641006417e-01
6.264116676763916702e-01
6.266954202135388563e-01
6.289654390697317909e-01
6.287384371360796864e-01
6.309517049997795946e-01
6.323704673574038759e-01
6.317462117540315614e-01
6.334487262564223453e-01
6.334487256678513756e-01
6.342999832826753392e-01
6.365700016145666718e-01
6.365700016720706733e-01
6.383860167861153956e-01
6.388400204064904608e-01
6.390670226073672522e-01
6.408830369975373475e-01
6.410532889940648849e-01
6.421882980263982077e-01
6.435503091344524362e-01
6.432665569220340496e-01
6.449123201748547807e-01
6.453095739122267638e-01
6.459338291266010224e-01
6.481470969936835580e-01
6.473525909633062181e-01
6.503036146496516956e-01
6.532546392594447138e-01
6.554679077150981081e-01
6.579649281260929738e-01
6.592701888268424071e-01
6.630157200589663624e-01
6.631859710643946970e-01
6.673287553100158975e-01
6.693717719653321518e-01
6.708472847979128906e-01
6.754440722613808123e-01
6.802678624500272386e-01
6.856024063314768435e-01
6.880426764603227996e-01
6.906531978719696596e-01
6.966119970929492977e-01
7.016060379047912576e-01
7.090403496336229461e-01
7.148288973181075034e-01
7.211849497589226665e-01
7.253844844050835183e-01
7.312865329616815568e-01
7.379263379396439060e-01
7.430338800802490651e-01
7.480279213453582265e-01
7.578457520786218149e-01
7.593780151155518077e-01
