5.481928208583154216e+00
4.770107249235106650e+00
4.073963789709593719e+00
3.529213699727030917e+00
3.037669774981444970e+00
2.666802653564943171e+00
2.442318351549793931e+00
2.277521121380825964e+00
2.128534038954049912e+00
1.948214237132926741e+00
1.813523306619849729e+00
1.672967713385622446e+00
1.550062019399722324e+00
1.462218994119030446e+00
1.388157033932465367e+00
1.302820543081682825e+00
1.224153518656462269e+00
1.107318074733930402e+00
1.019547376038166142e+00
9.335791720386585890e-01
8.403575912580527607e-01
8.007441092434538499e-01
