3.515691503372482263e-01
4.069576074915910446e-01
4.420861472377752288e-01
4.763634299966061914e-01
5.152375007432067333e-01
5.717042165327258507e-01
6.226093867033336560e-01
6.769195842381658945e-01
7.459849046866595668e-01
7.809431928320793581e-01
8.105101869593521746e-01
8.320753647401488706e-01
8.557970605117902752e-01
8.754327221136211090e-01
8.898473409699578784e-01
9.068157312230175071e-01
9.178820722598736159e-01
9.244651268339137973e-01
9.346234609648964575e-01
9.322966917047813551e-01
9.382554904724939027e-01
9.488678278923575737e-01
