1.098859933088196739e+00
1.097816905371346241e+00
1.097106969401863585e+00
1.096540650284443918e+00
1.096016792411884211e+00
1.095499962894703083e+00
1.094968622756812060e+00
1.094421755908316474e+00
1.093856398786388073e+00
1.093266668408190645e+00
1.092648228115529641e+00
1.092010309819188452e+00
1.091370290114940467e+00
1.090705062716456952e+00
1.090021602020016855e+00
1.089335551178554740e+00
1.088643139346721078e+00
1.087925721477226881e+00
1.087219579665914315e+00
1.086506621235920678e+00
1.085789848703997418e+00
1.085065686014709208e+00
1.084311646592785561e+00
1.083548727766703523e+00
1.082737954891023646e+00
1.081902116660558688e+00
1.081022701484784632e+00
1.080081691327102300e+00
1.079062529728108233e+00
1.078018631711056718e+00
1.076919350016029897e+00
1.075765381876317317e+00
1.074547812559975224e+00
1.073232185467845046e+00
1.071856108049239253e+00
1.070391331301611793e+00
1.068830140392935002e+00
1.067159668641966874e+00
1.065409942562494550e+00
1.063544826991684955e+00
1.061605078327988005e+00
1.059568247597020507e+00
1.057354920243683827e+00
1.055123431025958070e+00
1.052671189408561858e+00
1.050061244217993961e+00
1.047301376760970015e+00
1.044461698397071370e+00
1.041363095352296764e+00
1.038251579325367269e+00
1.034818229025294078e+00
1.031185096938320056e+00
1.027558853654529702e+00
