3.779581181460183181e-01
3.913512286391798711e-01
3.988422903440358436e-01
4.020203165272349666e-01
4.037795813083919216e-01
4.034390785313783923e-01
4.037795812762572933e-01
4.037228308046833525e-01
4.035525793003228445e-01
4.035525793358400448e-01
4.035525791362671311e-01
4.035525792394361599e-01
4.035525794001092459e-01
4.036093298327834145e-01
4.036093297076275288e-01
4.036093299038178150e-01
4.036093297718967854e-01
4.036093299004352430e-01
4.036093298361659865e-01
4.036093297076275288e-01
4.036093299004352430e-01
4.036093299359524433e-01
4.036093296044584999e-01
4.036093298040314137e-01
4.036093298683006148e-01
4.036093297363795851e-01
4.036660802367055267e-01
4.036660804041438122e-01
4.037795813050093496e-01
4.038930820773363739e-01
4.044605869588229208e-01
4.049713408444338136e-01
4.058225980956291501e-01
4.066738551861514006e-01
4.078088642506193517e-01
4.100788831135774859e-01
4.122354010655223666e-01
4.158674308014446153e-01
4.193292096249598977e-01
4.246070029384316769e-01
4.278985301256653107e-01
4.359003461085128595e-01
4.437319106512690459e-01
4.466261846321975537e-01
4.553090062012067896e-01
4.610408036492075201e-01
4.671698542781439478e-01
4.755121732730950845e-01
4.792009533419051004e-01
4.855002554109327795e-01
4.896997898575207175e-01
4.967935986774177914e-01
5.027523974163782272e-01
5.067816811788840026e-01
5.114919696463865462e-01
5.158617558256599622e-01
5.210260484344565457e-01
5.241473243169024743e-01
5.301628736204582193e-01
5.333409000962514579e-01
5.375971848182230506e-01
5.427614780122079763e-01
5.465070089804896503e-01
5.504795415576947404e-01
5.540548210503679627e-01
5.589921113263667252e-01
5.629646445885465589e-01
5.687531920548539732e-01
5.715907154001528268e-01
5.749957433630961123e-01
5.787980247961866942e-01
5.816922991305960577e-01
5.854945803674962423e-01
5.899211170859953723e-01
5.920776348772671671e-01
5.957096648415144413e-01
5.999659499558666065e-01
6.024062196280627335e-01
6.054707447784752894e-01
6.079677655750854726e-01
6.102377841099323463e-01
6.126780542421609299e-01
6.169910900851639513e-01
6.191476078121664894e-01
6.216446284125864974e-01
6.229498895733683872e-01
6.258441633834761486e-01
6.278304297735564088e-01
6.304409511784380138e-01
6.313489588014208342e-01
6.345837354206766978e-01
6.369105045488707706e-01
6.388967710066028038e-01
6.411100388026509389e-01
6.434368083299907282e-01
6.463878328721319733e-01
6.471823392982725132e-01
6.486011006106759957e-01
6.505306171820224304e-01
6.520628792312357369e-01
6.562624138165099597e-01
6.566029170180387453e-01
6.584189321963526131e-01
6.606889507887034885e-01
6.614267066181142019e-01
6.635832243451167400e-01
6.646614836331332654e-01
6.663639971511898796e-01
6.673855062348571510e-01
6.709040350022621446e-01
6.715850404886374303e-01
6.729470515290397747e-01
6.756710741307636603e-01
6.767493333612760731e-01
6.779978435904516765e-01
6.802111113932649555e-01
6.815163723578565591e-01
6.828783839225606167e-01
6.846943985765728824e-01
6.876454232506351572e-01
6.883264284731682725e-01
6.900289430465934570e-01
6.916179560916823066e-01
6.924692125225992978e-01
6.945122295127920120e-01
6.967254982965568333e-01
6.980307590649581506e-01
7.000737757202742939e-01
7.017762897660151378e-01
7.040463085613215544e-01
7.051245673250363666e-01
7.079620907379869932e-01
7.092673511106252215e-01
7.104591113992936302e-01
7.117076214356614638e-01
7.130128822717146653e-01
7.155666536684373025e-01
7.161341583503509911e-01
7.191419325759222936e-01
7.200499406555549431e-01
7.221497074543337114e-01
7.227172123324376862e-01
7.243062257056379627e-01
7.273707508526678911e-01
7.279950060738072937e-01
7.293570173103999243e-01
7.307757786194207794e-01
7.326485442659260716e-01
7.345780605159264454e-01
7.369615795913927458e-01
7.382668405526017219e-01
7.403098575394119196e-01
7.432041314171713431e-01
7.436013849549704124e-01
7.468361613814186173e-01
7.479711709448186863e-01
7.493899327138719979e-01
7.520004538549115436e-01
7.523409569921710727e-01
7.551217300654688991e-01
7.564269904381070164e-01
7.594347655160913479e-01
7.614777823709804050e-01
7.648828099381604906e-01
7.658475681612557651e-01
7.668690767848906908e-01
7.699336016105743363e-01
7.723738721351836034e-01
7.743601386538023768e-01
7.770841609950666085e-01
7.789001757776173873e-01
7.689688440403191771e-01
7.833834630996115989e-01
7.827024569536309428e-01
7.845184723924043535e-01
7.867317407195193457e-01
7.895692641933567124e-01
7.923500371381161367e-01
7.948470571499651749e-01
7.975143291549591229e-01
8.003518528216042593e-01
8.026218716811798215e-01
8.052323929575229133e-01
8.071051589355221489e-01
8.098291813410557483e-01
8.119856988684853727e-01
8.140854659953755679e-01
8.165257362629078086e-01
8.190795071353287327e-01
8.214062767878245186e-01
8.226547867599230957e-01
8.259463140469431863e-01
8.278190795615274489e-01
8.297485954800337682e-01
8.323591172164093166e-01
8.337778785896994282e-01
8.357641451083182016e-01
8.363883999336944042e-01
8.385449181139641439e-01
8.395664264128702703e-01
8.412689401304996872e-01
8.429147042323509309e-01
8.428579535679692203e-01
8.454684749051990522e-01
8.478519949007302658e-01
8.497247603510451608e-01
8.518245274779352449e-01
8.527892854338058326e-01
8.550593042967640223e-01
8.564780659338963043e-01
8.578968275101418461e-01
8.591453382027324226e-01
8.613018555339717608e-01
