6.198344099380244998e+00
4.543534528761957958e+00
3.739255056648585818e+00
3.010584151688691534e+00
2.493659803825531096e+00
1.980446903478692677e+00
1.645095636575245379e+00
1.366658871841311518e+00
1.085078967557268070e+00
9.036075529287178609e-01
7.888599853768372139e-01
7.217922705025280328e-01
6.774917911214066724e-01
6.456255417028151644e-01
6.065604753441764529e-01
6.886323557089585323e-01
5.699704398677132300e-01
5.415632343780683033e-01
5.163213421426940952e-01
4.679738370022298311e-01
