1.099909171452756906e+00
1.099355062949428197e+00
1.098841719997841748e+00
1.098358847098970026e+00
1.097915675020280091e+00
1.097504141727023486e+00
1.097113192287789474e+00
1.096734604170628069e+00
1.096370959091143238e+00
1.096016209841681022e+00
1.095667454402283525e+00
1.095323524662628500e+00
1.094983880341672045e+00
1.094649572052037501e+00
1.094318354930112314e+00
1.093985618963718487e+00
1.093654209264094179e+00
1.093323908837995351e+00
1.092991389553647386e+00
1.092656817063321295e+00
1.092320535762187905e+00
1.091979458961088501e+00
1.091636523804811576e+00
1.091286315887390224e+00
1.090933124077765992e+00
1.090577061374790491e+00
1.090214232480808176e+00
1.089846610928236759e+00
1.089474315513689673e+00
1.089098071518905586e+00
1.088714211105211049e+00
1.088327141281938859e+00
1.087931114999074023e+00
1.087527325472532169e+00
1.087114408604640481e+00
1.086696959402401408e+00
1.086268005769698286e+00
1.085832327829236110e+00
1.085390605522496887e+00
1.084940511626530490e+00
1.084484661351361900e+00
1.084020959716007981e+00
1.083546287544901787e+00
1.083063625976816269e+00
1.082568012262931756e+00
1.082065202579495011e+00
1.081551980224060738e+00
1.081029286605668771e+00
1.080498535038698193e+00
1.079962058110889522e+00
1.079408555477054277e+00
1.078840257618025600e+00
1.078261482682457251e+00
1.077665072349040409e+00
1.077059425836009554e+00
1.076432693925349460e+00
1.075782070290615344e+00
1.075115573229648236e+00
1.074421323892930991e+00
1.073702772828224461e+00
1.072969933034044976e+00
1.072186222108077125e+00
1.071365413956133050e+00
1.070504707007692069e+00
1.069595661446655965e+00
1.068623657144297967e+00
1.067575193751745255e+00
1.066452262566786491e+00
1.065216386841155494e+00
1.063881874605391742e+00
1.062420838408624224e+00
1.060795063240751013e+00
1.058988288950618362e+00
1.057023248941198368e+00
1.054870889870277884e+00
1.052548388124804335e+00
1.050125704085770773e+00
1.047573665134022391e+00
1.044965445322195041e+00
1.042232500858024435e+00
1.039402062381060032e+00
1.036581830758930955e+00
1.033709852407674212e+00
1.030782486515522622e+00
1.027866264226034554e+00
1.024926463142777244e+00
1.021913199126804894e+00
1.018925207182549419e+00
1.016056763111722994e+00
1.013259172737243308e+00
1.010255511100240478e+00
1.007325600694225942e+00
1.004662641689581415e+00
1.001957995722035477e+00
9.992200033759821576e-01
9.965709379836802384e-01
9.939060561482816469e-01
9.913771594837827994e-01
9.888505245890887307e-01
9.863256007410950987e-01
9.834058753011662990e-01
9.840333786896169332e-01
9.890306555218840723e-01
9.849059294946658216e-01
9.811391535955920062e-01
9.758378173962508617e-01
9.746121720040225034e-01
9.763814556592574911e-01
9.741748735147128802e-01
9.728982786329641863e-01
9.706130836920707772e-01
9.705869368585147150e-01
9.679673196549488656e-01
9.676960683878322866e-01
9.687733472283206471e-01
9.627296001718625984e-01
9.631178755913356593e-01
9.611093071767944362e-01
9.608950919633041376e-01
9.598609367196820896e-01
9.544295214286125928e-01
9.512284150371742575e-01
9.561885266364632541e-01
9.517516253295046358e-01
9.497042921255005599e-01
9.496628351348475050e-01
9.486934819081321857e-01
9.449989892223975563e-01
9.427036655036459267e-01
9.431809492146655538e-01
9.393330818745844191e-01
9.399810477462923197e-01
9.359887609396029262e-01
9.351079739910554967e-01
9.344170388396877414e-01
9.296363667579617962e-01
9.308321690811052207e-01
9.236128323161096887e-01
9.221148709049087344e-01
9.229016631924532588e-01
9.161894672317866251e-01
9.108951423497105848e-01
9.108622216432821217e-01
9.122114889089044665e-01
9.101338663941973550e-01
9.088689193580269388e-01
9.037691211059100116e-01
9.014342970903828078e-01
9.032377788505167038e-01
8.973158633361899561e-01
8.981178268544161014e-01
8.934508046784024327e-01
8.906180874476414822e-01
8.897914029562705718e-01
8.906813455516935374e-01
8.851043096662183363e-01
8.859007531942665326e-01
8.804827542995311562e-01
8.836421451045790576e-01
8.760690532033190703e-01
8.736725447701647607e-01
8.727854842204970653e-01
8.704980602803453760e-01
8.684308057468369535e-01
8.657575157090406925e-01
8.630840818231584333e-01
8.612947499506468096e-01
8.555442273606642667e-01
8.562685103450539126e-01
8.543590972185554078e-01
8.524958846869570284e-01
8.511333876527212849e-01
8.486159237145118883e-01
8.480239884955246277e-01
8.443370436973965942e-01
8.383026109110598423e-01
8.395470719515794045e-01
8.336023534848169270e-01
8.349345566858248358e-01
8.289211610207715131e-01
8.318759258364002429e-01
8.246124909972841754e-01
8.220357473122127390e-01
8.197098625693308716e-01
8.212584239806985931e-01
8.154537415749355533e-01
8.130183744617260899e-01
8.162563734729459952e-01
8.134728066192353779e-01
8.067268501832099981e-01
8.095193253960621949e-01
8.068761534929261847e-01
8.004058346860113415e-01
8.030615178175272151e-01
8.015754379619163261e-01
7.945433038566827033e-01
7.920758937315910408e-01
7.947546889776404555e-01
7.877864779567388398e-01
7.898362085149626122e-01
7.833599934045657465e-01
7.845421299058431552e-01
7.833481989980630722e-01
7.806403258521862343e-01
7.789312952709863680e-01
7.732967063298351595e-01
7.743918700309124770e-01
7.720217161461102595e-01
7.675094901077810228e-01
7.692126812976007866e-01
7.667209296753915160e-01
7.638379182747088159e-01
7.624762418030488487e-01
7.579645336191822569e-01
7.584509842816983261e-01
7.563409803910988716e-01
7.521505589977944828e-01
7.534413284397877275e-01
7.484298927830916881e-01
7.461761647412443743e-01
7.476987273547903712e-01
7.430181823694964605e-01
7.402381531821904392e-01
7.456012472352201437e-01
7.397019493783496547e-01
7.367920810265300435e-01
7.346140974483020836e-01
7.326540584245162524e-01
7.307613421823250244e-01
7.288918794537569967e-01
7.271144905274886661e-01
7.251977431612451896e-01
7.233086038945543139e-01
7.214195088653949650e-01
7.195182339597536725e-01
7.176548022971129814e-01
7.156310761247520746e-01
7.137531229088657225e-01
7.118405323348963032e-01
7.099086130546877760e-01
7.079599846147475173e-01
7.077578849915877601e-01
7.079563261154093734e-01
7.059543577322157093e-01
7.029860608897451346e-01
7.001375556499515040e-01
6.984919184933766623e-01
6.944123255456253752e-01
6.925399432718926107e-01
6.904083108781556843e-01
6.898450274437971652e-01
6.959841662628765135e-01
6.894069129854709654e-01
6.868124653103605537e-01
6.848348064824729686e-01
6.845279560917981732e-01
6.818911336748399998e-01
6.802576977761080057e-01
6.787007179638292476e-01
6.771681494687392666e-01
6.756405095887383361e-01
6.741333006324159438e-01
6.726315139161425094e-01
6.711361354957826597e-01
6.696121186520305191e-01
6.680986738172483008e-01
6.665658160327857518e-01
6.650236538722819057e-01
6.634538141946828560e-01
6.618479691476694127e-01
6.602765270823565125e-01
6.587152636441528930e-01
6.571544119214559609e-01
6.555888294821855533e-01
6.540134118232598937e-01
6.524283637504465494e-01
6.508145235323701261e-01
6.491888608390468107e-01
6.475883486403366529e-01
6.459544443575425676e-01
6.442982365450342641e-01
6.426475512292042502e-01
6.409583493925968822e-01
6.392487452185916519e-01
6.375520532487449765e-01
6.358248659988163798e-01
6.340719530716514285e-01
6.323790806023502631e-01
6.306300689600280451e-01
6.289322883842900502e-01
6.271828799606026239e-01
6.254718440607723862e-01
6.237449983138988463e-01
6.219993044052646303e-01
6.202408625646452789e-01
6.184663414095961098e-01
6.167149987930296007e-01
6.150283702899645988e-01
6.132272364779191021e-01
6.114905442507433397e-01
6.096838904214590960e-01
6.079294423863251806e-01
6.061483034007321136e-01
6.043904926062347860e-01
6.026398573098459277e-01
6.009213309216043797e-01
5.990973436448842060e-01
5.973351771076111927e-01
