3.076442882175931537e-01
3.075307869852336728e-01
3.074172862771758497e-01
3.087792975205337354e-01
3.135463367133045631e-01
3.205266443617287853e-01
3.247261791465758662e-01
3.319902388078455613e-01
3.393677996761053084e-01
3.449860961234540446e-01
3.485613757514309796e-01
3.575279496935316326e-01
3.670052776852988918e-01
3.666647749404199352e-01
3.731343283852696646e-01
3.777878665773884981e-01
3.840871688747411472e-01
3.873786958015152382e-01
3.946995064299085310e-01
3.982747858549299802e-01
4.018500652579645172e-01
4.048578402006452470e-01
4.123489017701975623e-01
4.167186879562361224e-01
4.219397312327969884e-01
4.219397308657858447e-01
4.253447589251329597e-01
4.247205039035664154e-01
4.261960162405975527e-01
4.280120310941826767e-01
4.286362860768493932e-01
4.303388001936246932e-01
4.332898246359794259e-01
4.369786050041487568e-01
4.433346575092331765e-01
4.512797231524278141e-01
4.603597978702380633e-01
4.708018842136391102e-01
4.840247431026536984e-01
4.933885704184977627e-01
5.036036549601677903e-01
5.113217181098913544e-01
5.179047725520105061e-01
5.255660858863828722e-01
5.320923898028065979e-01
5.368594293203061696e-01
5.424777257389029606e-01
5.525793088165059652e-01
5.559843370365261661e-01
5.623971398778808695e-01
5.694341979369924589e-01
5.734067307780396083e-01
5.761307530127524057e-01
5.816922989344056605e-01
5.847568244771987889e-01
5.891833610603943727e-01
5.942341524046967915e-01
5.991714430696934990e-01
6.034844789837310319e-01
6.068895068722572894e-01
6.120537993558979872e-01
6.169343396135900104e-01
6.208501221217495036e-01
6.260711650634338543e-01
6.286816864040462027e-01
6.342999830797199090e-01
6.385562682583413308e-01
6.426990521792338429e-01
6.453663240523067612e-01
6.502468642524947828e-01
6.548436521049606496e-01
6.587594346773893994e-01
6.630157197883590481e-01
6.662504968744125122e-01
6.716417908959421146e-01
6.743658132338238298e-01
6.778843428502592250e-01
6.824811305809519446e-01
6.865671638983493752e-01
6.901991939268657950e-01
6.940582261562591171e-01
6.955904885335837395e-01
7.017195390373642816e-01
7.035355541480263764e-01
7.064865785616289973e-01
7.094943530510424701e-01
7.114238689661661619e-01
7.135803868250898407e-01
7.153396512071009683e-01
7.170989157886850096e-01
7.209011977426946771e-01
7.244197262462575004e-01
7.259519888908068097e-01
7.283355088153036228e-01
7.303217753339223961e-01
7.320242888553615268e-01
7.345213097805103342e-01
7.357130697478325709e-01
7.376425852096890612e-01
7.399693545983426768e-01
7.420123713923449937e-01
7.429771292839463248e-01
7.441121387086603312e-01
7.466091595763049149e-01
7.480846714854382240e-01
