1.098682360625836685e+00
1.098454278799849027e+00
1.098229737329426303e+00
1.097989585632214604e+00
1.097716178676745313e+00
1.097402092960066078e+00
1.097071532087952273e+00
1.096739394921435462e+00
1.096412650478474138e+00
1.096090265465313074e+00
1.095766609673413106e+00
1.095442031624706658e+00
1.095120285163638130e+00
1.094794030574047117e+00
1.094464163024947423e+00
1.094129997203301397e+00
1.093789085817691520e+00
1.093444412929449827e+00
1.093094304094898606e+00
1.092739222390813669e+00
1.092379348596415056e+00
1.092008153613299282e+00
1.091632599139496396e+00
1.091246519306042773e+00
1.090854686611282265e+00
1.090453253709176007e+00
1.090043082010474729e+00
1.089627482037181405e+00
1.089202865745956261e+00
1.088768001230801863e+00
1.088328047424079514e+00
1.087880001815803244e+00
1.087422959826589430e+00
1.086958195969558005e+00
1.086487764939027434e+00
1.086002638456222247e+00
1.085517025989731321e+00
1.085023909128995712e+00
1.084523717774333429e+00
1.084023164211773471e+00
1.083518515981614971e+00
1.083007758933280940e+00
1.082490496911185929e+00
1.081979851650735736e+00
1.081447445834158527e+00
1.080920225171792204e+00
1.080381803754496106e+00
1.079843667063456802e+00
1.079297375499062239e+00
1.078744290493503621e+00
1.078190696374098589e+00
1.077631098594522552e+00
1.077077544721191327e+00
1.076509698268997894e+00
1.075951945882509087e+00
1.075392835906452849e+00
1.074829245545889655e+00
1.074271656335614500e+00
1.073708668847568770e+00
1.073137730679686097e+00
1.072568074168956498e+00
1.072005607687948725e+00
1.071433262422889721e+00
1.070869760605041465e+00
1.070302593086317922e+00
1.069741907005284043e+00
1.069173072065142671e+00
1.068615968243217029e+00
1.068049362938261027e+00
1.067496534833761501e+00
1.066930239671854741e+00
1.066375873083559744e+00
1.065814105053574767e+00
1.065252397078119140e+00
1.064698615955525840e+00
1.064135539830052268e+00
1.063585031276785386e+00
1.063012290681492944e+00
1.062447779681001903e+00
1.061889019397254774e+00
1.061314937746502540e+00
1.060752845535713362e+00
1.060177744710143033e+00
1.059606775219463115e+00
1.059030122697695031e+00
1.058456675228726995e+00
1.057869937178915531e+00
1.057284860766290580e+00
1.056685013456070132e+00
1.056089507424664342e+00
1.055473950547708206e+00
1.054856726905556874e+00
1.054255575903982445e+00
1.053617253516495822e+00
1.052974392760118505e+00
1.052331304037370074e+00
1.051676544068275154e+00
1.051024098941845564e+00
1.050360531462191993e+00
1.049680019688723931e+00
1.048985901840103541e+00
1.048293462575452750e+00
1.047593780546479003e+00
1.046884087447065736e+00
1.046164415323885155e+00
1.045431402733401516e+00
1.044693671651030220e+00
1.043954069562589071e+00
1.043184180487285451e+00
1.042391787720798213e+00
1.041600938160203826e+00
1.040797356802586116e+00
1.039987984800114118e+00
1.039173265184327066e+00
1.038345821301164928e+00
1.037474192458637035e+00
1.036613356856710855e+00
1.035745566362528569e+00
1.034865283173185047e+00
1.033966689454556054e+00
1.033052203881335229e+00
1.032144608048276124e+00
1.031201819097351091e+00
1.030282540804654756e+00
1.029314035157273599e+00
1.028322935882366229e+00
1.027332837306562219e+00
1.026324761082301862e+00
1.025306707031711451e+00
1.024284229194134976e+00
1.023236697401106676e+00
1.022163423187013809e+00
1.021089274620375242e+00
1.019987255651126468e+00
1.018890826596986932e+00
1.017745552644252705e+00
1.016612057565161154e+00
1.015444249457624570e+00
1.014260739258879385e+00
