1.100065288834062738e+00
1.099178984848339757e+00
1.098483402418783061e+00
1.097931773057353899e+00
1.097464236327707621e+00
1.097016176816980160e+00
1.096558887519736736e+00
1.096076941173562691e+00
1.095558847054254770e+00
1.095010817588765839e+00
1.094430195602640765e+00
1.093793442507592806e+00
1.093092393485447511e+00
1.092290595558605526e+00
1.091369040227086584e+00
1.090319969842020065e+00
1.089123938879369424e+00
1.087661792001918482e+00
1.085949762557165910e+00
1.083939866779895178e+00
1.081677105760852964e+00
1.079203473615778952e+00
1.076592069215830172e+00
1.073836109822362328e+00
1.070933587704957279e+00
1.067961020384694759e+00
1.064882602799081424e+00
1.061691546952925336e+00
1.058366726438057848e+00
1.054897858081614404e+00
1.051254924935776547e+00
1.047408377723061612e+00
1.043406274152136159e+00
1.039217903958933320e+00
1.034848613863763589e+00
1.030294412543964366e+00
1.025530156655720448e+00
1.020749623838669073e+00
1.015723465296881400e+00
1.010906818004926544e+00
1.006018702200177417e+00
1.001205680894091232e+00
9.961956378739927898e-01
9.914232763460130160e-01
9.866537337784572204e-01
9.818060024156316512e-01
9.769391576383679165e-01
9.718903838712074084e-01
9.669329859424169449e-01
9.620101612276268366e-01
9.571608087679739363e-01
9.523412076550548111e-01
9.473143761669843288e-01
9.424347178253127399e-01
9.378312291402726153e-01
9.328720696322473360e-01
9.280212275131248800e-01
9.233470356942684587e-01
9.184233739673600683e-01
9.136162415771761358e-01
9.087208077589733479e-01
9.036534374847117190e-01
8.985359050326311436e-01
8.935206231258560061e-01
8.884655291319339954e-01
8.831381181380878465e-01
8.779161290720314259e-01
8.723113817758940680e-01
8.667441778729340074e-01
8.617858508781801596e-01
8.558984441158077328e-01
8.502524798103536785e-01
8.446683563403228900e-01
8.394594630990218631e-01
8.335846828843386236e-01
8.279229770804850119e-01
8.219535504403040482e-01
8.162861280804980524e-01
8.104543787255527043e-01
8.047696154123402668e-01
7.985895638886405523e-01
7.936415162681010882e-01
7.870936755675083107e-01
7.812159170013072140e-01
7.749200168772740760e-01
7.688945486788973938e-01
7.628962991456967879e-01
7.569119587103426694e-01
7.515830784878796411e-01
7.457800458633198071e-01
7.396829387811626466e-01
7.332438465503157143e-01
7.279170217866368642e-01
7.220188532958851102e-01
7.160642566877639670e-01
7.110627363437245219e-01
7.050492069749770829e-01
7.003684676361235928e-01
6.945834970793559604e-01
6.893959651333770866e-01
6.837949390126156768e-01
6.787446169622923797e-01
6.740595544448715337e-01
6.688232535800681111e-01
6.635347596125978908e-01
