3.526474093969398371e-01
4.062766018732946738e-01
4.333465751718225678e-01
4.664320982204082644e-01
4.760796778873568891e-01
5.095624540204743980e-01
5.429317289601321983e-01
5.798195336160117952e-01
5.970716759428034148e-01
6.249929059073383586e-01
6.638669770750715848e-01
7.139208900908878830e-01
7.475171668677939030e-01
7.901367685471589741e-01
8.165824867919857510e-01
8.412689406548014004e-01
8.636853756580414876e-01
8.849668007055007113e-01
9.004596786536638309e-01
9.169173146287318277e-01
9.248623797831420079e-01
9.353612169871149407e-01
9.433630326097164343e-01
9.490380798888852221e-01
9.539186194971196464e-01
