1.098175294749291986e+00
1.097596169079576578e+00
1.096756152550320884e+00
1.095598142294951005e+00
1.093910802568197838e+00
1.091810268364268754e+00
1.089592346396310196e+00
1.087471800632248353e+00
1.085647894273882086e+00
1.084223436055000267e+00
1.083123887047297673e+00
1.082044818968123767e+00
1.080681186739564037e+00
1.079050639864873595e+00
1.077471689180458991e+00
1.076072260643552214e+00
1.074963880135952010e+00
1.073990523669703601e+00
1.073089831140997763e+00
1.072197645681074007e+00
1.071378581593306123e+00
1.070581974591375829e+00
1.069818482524278025e+00
1.069020261471458566e+00
1.068200901711368056e+00
1.067342080726816134e+00
1.066404079309853925e+00
1.065500781353577731e+00
1.064521406925561520e+00
1.063443051761371549e+00
1.062371472800659467e+00
1.061210182730452534e+00
1.060031694063202190e+00
1.058743654825814451e+00
1.057393920630644413e+00
1.056052428126423193e+00
1.054609838378232523e+00
1.053103776553399484e+00
1.051645258628349788e+00
1.050133909454451731e+00
1.048605185653448846e+00
1.047164902988258595e+00
1.045635762465513707e+00
1.044128222684977736e+00
1.042654307223727539e+00
1.041092305758180681e+00
