3.993530448182176507e-01
4.036093296365931282e-01
4.036093296754929005e-01
4.036093296721103285e-01
4.036093296721103285e-01
4.036093299038178150e-01
4.036093298361659865e-01
4.036093298361659865e-01
4.036093296687277565e-01
4.036093297042449568e-01
4.036093298361659865e-01
4.036093297363795851e-01
4.036093298683006148e-01
4.036093298006487862e-01
4.036093298936700435e-01
4.036093298683006148e-01
4.036093298716832423e-01
4.036093299038178150e-01
4.036093296078410719e-01
4.036093297431447291e-01
4.036093298716832423e-01
4.036093298040314137e-01
4.036093297042449568e-01
4.036093299359524433e-01
4.036093296687277565e-01
4.036093296721103285e-01
4.036093296721103285e-01
4.036093297685141579e-01
4.036093296044584999e-01
4.036093299325698713e-01
4.036093296721103285e-01
4.036093297685141579e-01
4.036093296721103285e-01
4.036093297008623293e-01
4.036093299038178150e-01
4.036093297363795851e-01
4.036093298040314137e-01
4.036093297042449568e-01
4.036093297752793574e-01
4.036093297752793574e-01
4.036093296721103285e-01
4.036093298040314137e-01
4.036093297042449568e-01
4.036093296721103285e-01
4.036093297363795851e-01
4.036093299004352430e-01
4.036093297076275288e-01
4.036093298361659865e-01
4.036093297397621571e-01
4.036093296365931282e-01
4.036093296365931282e-01
4.036093297042449568e-01
4.036093298006487862e-01
4.036093298040314137e-01
4.036093297718967854e-01
4.036093296044584999e-01
4.036093299004352430e-01
4.036093296399757002e-01
4.036093298683006148e-01
4.036093297008623293e-01
4.036093297685141579e-01
4.036093297042449568e-01
4.036093299325698713e-01
4.036093296399757002e-01
4.036093297363795851e-01
4.036093296078410719e-01
4.036093298074139857e-01
4.036093297042449568e-01
4.036093298649180428e-01
4.036093299004352430e-01
4.036093296399757002e-01
4.036093299038178150e-01
4.036093296721103285e-01
4.036093298361659865e-01
4.036093298327834145e-01
4.036093297363795851e-01
4.036093299038178150e-01
4.036093297397621571e-01
4.036093297685141579e-01
4.036093297718967854e-01
4.036093298040314137e-01
