3.492991317736494072e-01
3.695590489501004994e-01
3.858464332280002740e-01
3.958345156905667683e-01
4.011690596396682018e-01
4.046875887351845114e-01
4.063333520810264998e-01
4.070711083315698975e-01
4.069576074560737888e-01
4.069576074594564163e-01
4.067873560227476815e-01
4.067306056509601975e-01
4.061631009047773078e-01
4.054253446187167098e-01
4.052550934712195740e-01
4.045740878275537744e-01
4.044038364263622953e-01
4.043470858262498413e-01
4.045173372950932045e-01
4.044605867660152065e-01
4.045173373627450331e-01
4.045740875992288599e-01
4.044605867271153787e-01
4.044605867947672073e-01
4.045173371597895473e-01
4.046875885677462259e-01
4.046308380995548570e-01
4.046875888282057687e-01
4.057658475597859526e-01
4.062766019054293021e-01
4.064468530495438103e-01
4.071278587642440661e-01
4.085466205688145780e-01
4.104193858195566147e-01
4.120651494681405458e-01
4.158106805615782164e-01
4.194994607014226329e-01
4.236422452075034317e-01
4.276147779521468073e-01
4.347653369797757072e-01
4.397026276735244155e-01
4.450939218591097313e-01
4.524714827206042789e-01
4.574655239214441838e-01
4.642188296362163014e-01
4.690426193073262695e-01
4.776686904724133376e-01
4.847057488528710989e-01
4.903807954149304038e-01
4.961125928307965061e-01
5.010498836919835552e-01
5.108677146282025738e-01
5.163157595711908021e-01
