3.106520630317353704e-01
3.219454060022436392e-01
3.336927529246208612e-01
3.457238522488415566e-01
3.570171953191362824e-01
3.677430338428209766e-01
3.750638441042031257e-01
3.802848874061334206e-01
3.869246921202535994e-01
3.907837237965931521e-01
3.945292549898172241e-01
4.002043018123360718e-01
4.024175698400916934e-01
4.053685942181771695e-01
4.074683616731786806e-01
4.093978775950675719e-01
4.114976448504961692e-01
4.121786504687925401e-01
4.124624028418839572e-01
4.142784176954690811e-01
4.145054195969865574e-01
4.153566765589703502e-01
4.162079337746484864e-01
4.170591907653843355e-01
4.180806992570980651e-01
4.192724590891167002e-01
4.203507178206968842e-01
4.208047217015314367e-01
4.206912208615525839e-01
4.212587253438933033e-01
4.213154757833326713e-01
4.212019747471634767e-01
4.206912206332276694e-01
4.207479710371497816e-01
4.209182227309354318e-01
4.212019748790845619e-01
4.222802337392032035e-01
4.226207364840821601e-01
4.231882412336476218e-01
4.240962486570575840e-01
4.247205039069490429e-01
4.251745076203453100e-01
4.265932694215332499e-01
4.275580271845960678e-01
4.285795357473442535e-01
4.294875431352370154e-01
4.312468077810903688e-01
4.321548152434001033e-01
4.334033254759582787e-01
4.347085861800903950e-01
4.370921058407449822e-01
4.381703647363808796e-01
4.406106349717785475e-01
4.424266499471369296e-01
4.456614267016964503e-01
4.477044436563719643e-01
4.493502072981906958e-01
4.512797231879450144e-01
4.548550026840008642e-01
4.580897790715491857e-01
4.609273026806902096e-01
4.654105895680213933e-01
4.692128708725734620e-01
4.741501616373566264e-01
4.779524429706606958e-01
4.830032346396919696e-01
4.881107770728913553e-01
4.934453205653429042e-01
4.986663639602944564e-01
5.044549115906575842e-01
5.091652003862714437e-01
5.147834971329795506e-01
5.208557970941516402e-01
5.261335905074099317e-01
5.310141305114075561e-01
5.364054253176984144e-01
5.421939730021829718e-01
5.479257702286238763e-01
5.507632937667304995e-01
5.561545885053694738e-01
5.595028661963117322e-01
5.631348960320204933e-01
5.623403894096895561e-01
5.684126892457057600e-01
5.714204639955787757e-01
5.749389935443622868e-01
5.768117586310487210e-01
5.785710234477229319e-01
5.798762842127416217e-01
5.814652967335288691e-01
5.829408089707734941e-01
5.841893197276333272e-01
5.855513304433069832e-01
5.862890865264120954e-01
5.874240962217333051e-01
5.875943473624652968e-01
5.880483515037593367e-01
5.884456048453681198e-01
5.903183701637620961e-01
5.914533793956682217e-01
5.897508650928503515e-01
5.929288914434878155e-01
5.936666473980544145e-01
5.938936495921660619e-01
5.945179049418439776e-01
5.945746553457660344e-01
5.950854092313769828e-01
5.951421597638375527e-01
5.956529143056712439e-01
5.958799161141674627e-01
5.965041708685091537e-01
5.936666478344087006e-01
3.077577891505932639e-01
3.277339536647413398e-01
4.222234831965948620e-01
4.378298621166578641e-01
5.301061235446473674e-01
5.949719082307249884e-01
6.029737245704358539e-01
6.048464901526718895e-01
6.051869929618201027e-01
6.065490043337165016e-01
6.069462569548332853e-01
6.077407638376237653e-01
6.078542645135468492e-01
6.083650187915383700e-01
6.096135294841289465e-01
6.098972812974015056e-01
6.105215371071118780e-01
6.113160433336795041e-01
6.114862945420633800e-01
6.120537992916288417e-01
6.128483062995750963e-01
6.131888086520734804e-01
6.138130639307168845e-01
6.144940693562055412e-01
6.147778218257008431e-01
6.148913225658932946e-01
6.148913227654662084e-01
6.157425801807172583e-01
6.167073376799379059e-01
6.169343395527033813e-01
6.172748423618515945e-01
6.174450938949641587e-01
6.177288462426860915e-01
6.183531010612971501e-01
6.186936043947469654e-01
6.196016119500780128e-01
6.200556153708801643e-01
6.200556155028011940e-01
6.207933714539852765e-01
6.210203730662912092e-01
6.215311274762037597e-01
6.215878784010450131e-01
6.229498895057166141e-01
6.238578969392742923e-01
6.239713974798938301e-01
6.244821522788044366e-01
6.251631573727991498e-01
6.253901591170261121e-01
6.261846663279279079e-01
6.260144145952424299e-01
6.268656716147302799e-01
6.278304299020948109e-01
6.283411840515479296e-01
6.284546845312807273e-01
6.293059420108010338e-01
6.299301970289850061e-01
6.307814535952055435e-01
6.306112027792023511e-01
6.308949545282056537e-01
6.251631573085298932e-01
6.301004481122128853e-01
6.311219568610035857e-01
6.325407182410588414e-01
6.325407181091378117e-01
6.336189770656602827e-01
6.341297314146862041e-01
6.350377387772095927e-01
6.356052438548863703e-01
6.357754949279664780e-01
6.362862491383062258e-01
6.357754954522681912e-01
6.355484929266626004e-01
6.371375064892880191e-01
6.372510072971322437e-01
6.379320131792707294e-01
6.386697686805701268e-01
6.387265197373324099e-01
6.390102715506049691e-01
6.391237724193358227e-01
6.394642754280569497e-01
6.395777764287088329e-01
6.394642753604050656e-01
6.405425343236927915e-01
6.400317805023512108e-01
6.409965378696508287e-01
6.413937912180247558e-01
6.417342940204077140e-01
6.417342942842498843e-01
6.417910445562509114e-01
6.431530558537302822e-01
6.430395553131107445e-01
6.439475628041725352e-01
6.412802907349093307e-01
6.433233075864157602e-01
6.448555701024266673e-01
6.453663239846549882e-01
6.441178137554793848e-01
6.461608308674454682e-01
6.462175812747501524e-01
6.467283358098185886e-01
6.460473296672205601e-01
6.453663243127663041e-01
6.474093412319246177e-01
6.470688379695092030e-01
6.477498437839958045e-01
6.481470970613354421e-01
6.484308498589420600e-01
6.491118554129691187e-01
6.491118549495541457e-01
6.494523582221173319e-01
6.497928609669962885e-01
6.500198627044581068e-01
6.504738661252601473e-01
6.506441177902938522e-01
6.507576185947554492e-01
6.515521255451978133e-01
6.522331307643483012e-01
6.524033819761146935e-01
6.522331305715406424e-01
6.507576183985651630e-01
6.530843877263321495e-01
6.526871347771039389e-01
6.533681399387504252e-01
6.541058966780782802e-01
6.540491459494274240e-01
6.527438851133742226e-01
6.546166502998470582e-01
6.550139035162999557e-01
6.550706542449509229e-01
6.517791274856150618e-01
6.551274049736017790e-01
6.559219111392827761e-01
6.559219110750136306e-01
6.555246581900546765e-01
6.565461664889606919e-01
6.564894160106216070e-01
6.567731686154205661e-01
6.517223767535815782e-01
6.538221439413582914e-01
6.554111574498622250e-01
6.570001704239167850e-01
6.534816410713234491e-01
6.570001705592204422e-01
6.582486807883959345e-01
6.588729358742316800e-01
6.591566877585386397e-01
6.588729354175818509e-01
6.597241929004847849e-01
6.598944443016762085e-01
6.599511942455659197e-01
6.600646953172523146e-01
