1.099198807984595572e+00
1.098389451088777280e+00
1.097686442734333134e+00
1.097044961682906328e+00
1.096449375626150635e+00
1.095879568373613777e+00
1.095313536634402451e+00
1.094743133457190876e+00
1.094171508183497510e+00
1.093591173311738718e+00
1.093013534507472295e+00
1.092347766746762261e+00
1.091591081772967708e+00
1.090883531193478584e+00
1.090193478387720294e+00
1.089530782547774246e+00
1.088883006297380440e+00
1.088249540715948038e+00
1.087638646064852610e+00
1.087031244426571730e+00
1.086437714024790502e+00
1.085851950634893148e+00
1.085281595395768406e+00
1.084708712772224137e+00
1.084147964072656345e+00
1.083593308252492893e+00
1.083022680450910435e+00
1.082458731840081789e+00
1.081892342642131410e+00
1.081332369361073464e+00
1.080762742055638936e+00
1.080185441659356149e+00
1.079599323658861687e+00
1.079009738461491397e+00
1.078417660828636881e+00
1.077806951719450401e+00
1.077201198938925186e+00
1.076567271917890922e+00
1.075929851004568727e+00
1.075273244384062910e+00
1.074607346610066072e+00
1.073929915822707137e+00
1.073238197131227478e+00
1.072524299098498002e+00
1.071790573112702649e+00
1.071042703050576916e+00
1.070273463527553259e+00
1.069487101191066047e+00
1.068690371610785395e+00
1.067867759827229035e+00
1.067020209637546513e+00
1.066169379017395169e+00
1.065290001063657899e+00
1.064393063279165830e+00
1.063476122113647726e+00
1.062542824914037176e+00
1.061587160788182604e+00
1.060592813345963892e+00
1.059597173584663654e+00
1.058544664254125411e+00
1.057484011882537045e+00
1.056404465931132020e+00
1.055284399868823497e+00
1.054132957313991703e+00
1.052948050321443896e+00
1.051738854434459025e+00
1.050489067158602463e+00
1.049217289323927549e+00
1.047929717953065332e+00
1.046589967517290942e+00
1.045191607405734580e+00
1.043787851458638727e+00
1.042340891862266083e+00
1.040827367695565497e+00
1.039300564509719083e+00
1.037678263033297688e+00
1.036038190652412094e+00
1.034331506676411605e+00
1.032571155220823211e+00
1.030775459411702899e+00
1.028917488543888981e+00
1.026996931175416794e+00
1.025050989257295431e+00
1.023019768114589612e+00
1.020965981095137920e+00
1.018800186840970179e+00
1.016619249766506528e+00
1.014422600091122728e+00
1.012095181877446182e+00
1.009801389978784547e+00
1.007354778130190809e+00
1.004898895071865361e+00
1.002361063078822889e+00
9.999078305312476544e-01
9.971694504860871833e-01
9.945509853593594851e-01
9.918567266605490262e-01
9.891568574534121971e-01
9.864728259151338552e-01
9.836473723598766483e-01
9.809429880560787129e-01
9.780843813697661648e-01
9.752738643034883914e-01
9.724817772599234633e-01
9.695901876241163064e-01
9.818297891609785166e-01
9.709658091810138281e-01
9.714919588404949957e-01
9.859703783719427905e-01
9.867434135854504795e-01
9.863272898110985176e-01
9.718991166772328327e-01
9.583600378998508029e-01
9.669005232287294360e-01
9.521436933240949863e-01
9.933377568313560557e-01
1.017924827091350570e+00
1.014851386515562837e+00
1.011305768754626966e+00
1.007685543547612417e+00
1.003892823334118001e+00
9.997688901694338215e-01
9.955898738632636968e-01
9.905052344581608548e-01
9.851640301627229146e-01
