3.949265082992913789e-01
4.005448044219113712e-01
4.024743204723387757e-01
4.034958288964006767e-01
4.036093297397621571e-01
4.036093297718967854e-01
4.036093297076275288e-01
4.036093298683006148e-01
4.036093297685141579e-01
4.036093298040314137e-01
4.036093296044584999e-01
4.036093297076275288e-01
4.036093298683006148e-01
4.036093298327834145e-01
4.036093297076275288e-01
4.036093299038178150e-01
4.036093297718967854e-01
4.036093299004352430e-01
4.036093298361659865e-01
4.036093297076275288e-01
4.036093299004352430e-01
4.036093299359524433e-01
4.036093296044584999e-01
4.036093298040314137e-01
4.036093298683006148e-01
4.036093297363795851e-01
4.036093297685141579e-01
4.036093299359524433e-01
4.036093297363795851e-01
4.036093299004352430e-01
4.036093299359524433e-01
4.036093298040314137e-01
4.036093298361659865e-01
4.036093296078410719e-01
4.036093298006487862e-01
4.036093297718967854e-01
4.037228306727622673e-01
4.038363315770103767e-01
4.040633333855065956e-01
4.045740877632845733e-01
4.055955962228636746e-01
4.070143578955131569e-01
4.096248793325293902e-01
4.128596560228196544e-01
4.166619373595062958e-01
4.194994607014226329e-01
