4.006583054935977661e-01
4.036093297076275288e-01
4.036093298361659865e-01
4.036093297685141579e-01
4.036093296754929005e-01
4.036093299325698713e-01
4.036093298361659865e-01
4.036093299359524433e-01
4.036093296399757002e-01
4.036093297076275288e-01
4.036093296754929005e-01
4.036093299359524433e-01
4.036093297685141579e-01
4.036093297076275288e-01
4.036093296754929005e-01
4.036093297329969576e-01
4.036093299004352430e-01
4.036093296399757002e-01
4.036093299325698713e-01
4.036093298361659865e-01
4.036093297685141579e-01
4.036093298683006148e-01
4.036093298327834145e-01
4.036093299359524433e-01
4.036093296433582722e-01
4.036093296399757002e-01
4.036093299359524433e-01
4.036093298683006148e-01
4.036093297685141579e-01
4.036093298040314137e-01
4.036093298970526710e-01
4.036093297718967854e-01
4.036093299325698713e-01
4.036093297397621571e-01
4.036093298361659865e-01
4.036093296721103285e-01
4.036093299038178150e-01
4.036093297397621571e-01
4.036093298040314137e-01
4.036093297076275288e-01
4.036093296078410719e-01
