1.109737264867145745e+00
1.088153196073919249e+00
1.088099563928881963e+00
1.088154844688128398e+00
1.088142964850894900e+00
1.088120196844011955e+00
1.087999770971603164e+00
1.088179986550368072e+00
1.088093835598128445e+00
1.088249418847941463e+00
1.088079512975088869e+00
1.088035335971578421e+00
1.088084158903623866e+00
1.088056554650077778e+00
1.088249856656759107e+00
1.088160355112337552e+00
1.088210419942555962e+00
1.087941141081454344e+00
1.088259883293884345e+00
1.088300299268325944e+00
1.088186415219630332e+00
1.088078152605031601e+00
1.088161959664909917e+00
1.088100970011280699e+00
1.088086018111214415e+00
1.088272688946410938e+00
1.088072385705969758e+00
1.088134498467923539e+00
1.088022672800571078e+00
1.088183552857174829e+00
1.088143229058351480e+00
1.087955196249749568e+00
1.088333711566776829e+00
1.088069670885390305e+00
1.088041845430655963e+00
1.088107557831472949e+00
1.088003285808897713e+00
1.088208053765681971e+00
1.088058258420824043e+00
1.088027310644712253e+00
1.088090129394102545e+00
