4.023608196323598674e-01
4.036093296365931282e-01
4.036093296754929005e-01
4.036093296721103285e-01
4.036093296721103285e-01
4.036093299038178150e-01
4.036093298361659865e-01
4.036093298361659865e-01
4.036093296687277565e-01
4.036093297042449568e-01
4.036093298361659865e-01
4.036093297363795851e-01
4.036093298683006148e-01
4.036093298006487862e-01
4.036093298936700435e-01
4.036093298683006148e-01
4.036093298716832423e-01
4.036093299038178150e-01
4.036093296078410719e-01
4.036093297431447291e-01
4.036093298716832423e-01
4.036093298040314137e-01
4.036093297042449568e-01
