1.117660631826885798e+00
1.089429196154013901e+00
1.088198623506498208e+00
1.088150012284089474e+00
1.088033906630480496e+00
1.088148445724784752e+00
1.088098010013704320e+00
1.088041048431212410e+00
1.088078752439981756e+00
1.088186979408831245e+00
1.088274779935936021e+00
1.088058905977375090e+00
1.088094070620585718e+00
1.088186211114059443e+00
1.088131650312352372e+00
1.088115125311049480e+00
1.088150249965263550e+00
1.088067652141254227e+00
1.088237680193311796e+00
1.088180266378632188e+00
1.088025513250598708e+00
1.088281090803066897e+00
1.088000691266506559e+00
